350,000000
1,000000
1
0,000	-0,060E-3
0,245	-0,070E-3
0,491	-0,070E-3
0,737	-0,060E-3
0,982	-0,070E-3
1,228	-0,060E-3
1,474	-0,070E-3
1,720	-0,070E-3
1,966	-0,060E-3
2,212	-0,070E-3
2,458	-0,060E-3
2,704	-0,070E-3
2,950	-0,060E-3
3,196	-0,070E-3
3,441	-0,070E-3
3,687	-0,070E-3
3,933	-0,070E-3
4,178	-0,060E-3
4,424	-0,070E-3
4,671	-0,060E-3
4,915	-0,070E-3
5,163	-0,070E-3
5,407	-0,060E-3
5,654	-0,070E-3
5,900	-0,060E-3
6,145	-0,070E-3
6,391	-0,080E-3
6,637	-0,070E-3
6,883	-0,070E-3
7,129	-0,060E-3
7,374	-0,070E-3
7,620	-0,070E-3
7,866	-0,070E-3
8,112	-0,070E-3
8,358	-0,080E-3
8,604	-0,070E-3
8,850	-0,070E-3
9,096	-0,070E-3
9,340	-0,070E-3
9,587	-0,070E-3
9,833	-0,070E-3
10,079	-0,070E-3
10,324	-0,070E-3
10,570	-0,070E-3
10,816	-0,070E-3
11,062	-0,070E-3
11,307	-0,070E-3
11,553	-0,070E-3
11,800	-0,070E-3
12,046	-0,070E-3
12,291	-0,070E-3
12,537	-0,070E-3
12,783	-0,070E-3
13,029	-0,080E-3
13,275	-0,070E-3
13,520	-0,070E-3
13,766	-0,080E-3
14,012	-0,070E-3
14,257	-0,100E-3
14,504	-0,080E-3
14,750	-0,100E-3
14,996	-0,080E-3
15,241	-0,100E-3
15,487	-0,100E-3
15,734	-0,080E-3
15,980	-0,100E-3
16,226	-0,100E-3
16,471	-0,120E-3
16,717	-0,120E-3
16,963	-0,120E-3
17,209	-0,130E-3
17,454	-0,120E-3
17,700	-0,130E-3
17,947	-0,150E-3
18,193	-0,160E-3
18,439	-0,160E-3
18,683	-0,160E-3
18,930	-0,180E-3
19,176	-0,200E-3
19,422	-0,200E-3
19,667	-0,220E-3
19,913	-0,210E-3
20,159	-0,220E-3
20,404	-0,250E-3
20,650	-0,260E-3
20,896	-0,270E-3
21,142	-0,280E-3
21,387	-0,310E-3
21,633	-0,320E-3
21,880	-0,350E-3
22,126	-0,350E-3
22,372	-0,380E-3
22,618	-0,410E-3
22,863	-0,410E-3
23,109	-0,450E-3
23,355	-0,460E-3
23,600	-0,470E-3
23,846	-0,500E-3
24,092	-0,530E-3
24,337	-0,560E-3
24,583	-0,600E-3
24,829	-0,620E-3
25,076	-0,630E-3
25,322	-0,660E-3
25,566	-0,700E-3
25,813	-0,720E-3
26,059	-0,760E-3
26,305	-0,770E-3
26,551	-0,810E-3
26,796	-0,820E-3
27,042	-0,850E-3
27,288	-0,880E-3
27,533	-0,910E-3
27,779	-0,950E-3
28,025	-0,960E-3
28,271	-1,010E-3
28,516	-1,020E-3
28,762	-1,080E-3
29,009	-1,100E-3
29,255	-1,120E-3
29,501	-1,150E-3
29,746	-1,180E-3
29,992	-1,210E-3
30,238	-1,250E-3
30,484	-1,280E-3
30,729	-1,320E-3
30,975	-1,350E-3
31,222	-1,400E-3
31,466	-1,450E-3
31,712	-1,470E-3
31,958	-1,500E-3
32,206	-1,520E-3
32,452	-1,570E-3
32,698	-1,600E-3
32,943	-1,660E-3
33,189	-1,700E-3
33,435	-1,720E-3
33,680	-1,750E-3
33,926	-1,770E-3
34,172	-1,820E-3
34,418	-1,850E-3
34,665	-1,880E-3
34,909	-1,930E-3
35,156	-1,960E-3
35,402	-1,980E-3
35,648	-2,010E-3
35,894	-2,060E-3
36,139	-2,110E-3
36,385	-2,150E-3
36,631	-2,180E-3
36,876	-2,210E-3
37,122	-2,260E-3
37,367	-2,300E-3
37,613	-2,360E-3
37,859	-2,370E-3
38,105	-2,430E-3
38,352	-2,460E-3
38,598	-2,500E-3
38,844	-2,520E-3
39,089	-2,560E-3
39,335	-2,620E-3
39,581	-2,630E-3
39,827	-2,670E-3
40,072	-2,700E-3
40,318	-2,710E-3
40,564	-2,770E-3
40,809	-2,820E-3
41,055	-2,870E-3
41,302	-2,900E-3
41,546	-2,900E-3
41,792	-2,930E-3
42,038	-2,960E-3
42,285	-2,980E-3
42,531	-3,010E-3
42,777	-3,050E-3
43,022	-3,070E-3
43,268	-3,070E-3
43,514	-3,110E-3
43,760	-3,130E-3
44,005	-3,180E-3
44,251	-3,200E-3
44,498	-3,230E-3
44,743	-3,300E-3
44,989	-3,310E-3
45,235	-3,360E-3
45,481	-3,400E-3
45,727	-3,450E-3
45,973	-3,500E-3
46,218	-3,520E-3
46,464	-3,570E-3
46,710	-3,610E-3
46,955	-3,630E-3
47,201	-3,680E-3
47,447	-3,730E-3
47,693	-3,770E-3
47,939	-3,810E-3
48,184	-3,820E-3
48,430	-3,860E-3
48,675	-3,900E-3
48,921	-3,930E-3
49,168	-3,980E-3
49,414	-4,020E-3
49,661	-4,070E-3
49,906	-4,120E-3
50,152	-4,180E-3
50,398	-4,230E-3
50,643	-4,310E-3
50,889	-4,380E-3
51,135	-4,460E-3
51,381	-4,510E-3
51,626	-4,560E-3
51,872	-4,610E-3
52,118	-4,650E-3
52,365	-4,710E-3
52,611	-4,750E-3
52,857	-4,800E-3
53,102	-4,820E-3
53,348	-4,810E-3
53,594	-4,830E-3
53,840	-4,830E-3
54,085	-4,870E-3
54,331	-4,870E-3
54,576	-4,870E-3
54,822	-4,880E-3
55,068	-4,860E-3
55,314	-4,880E-3
55,561	-4,900E-3
55,807	-4,900E-3
56,053	-4,900E-3
56,298	-4,900E-3
56,544	-4,900E-3
56,789	-4,880E-3
57,035	-4,900E-3
57,281	-4,900E-3
57,527	-4,920E-3
57,772	-4,930E-3
58,018	-4,930E-3
58,264	-4,960E-3
58,511	-4,960E-3
58,757	-4,960E-3
59,003	-5,000E-3
59,248	-5,050E-3
59,494	-5,070E-3
59,740	-5,110E-3
59,986	-5,130E-3
60,231	-5,170E-3
60,477	-5,210E-3
60,724	-5,250E-3
60,968	-5,270E-3
61,214	-5,320E-3
61,460	-5,370E-3
61,707	-5,370E-3
61,953	-5,400E-3
62,199	-5,430E-3
62,444	-5,460E-3
62,690	-5,480E-3
62,936	-5,520E-3
63,182	-5,560E-3
63,427	-5,580E-3
63,673	-5,630E-3
63,920	-5,680E-3
64,164	-5,700E-3
64,410	-5,710E-3
64,657	-5,750E-3
64,902	-5,770E-3
65,147	-5,810E-3
65,393	-5,810E-3
65,640	-5,860E-3
65,886	-5,880E-3
66,132	-5,950E-3
66,377	-5,970E-3
66,623	-5,980E-3
66,869	-6,010E-3
67,116	-6,070E-3
67,361	-6,130E-3
67,607	-6,170E-3
67,854	-6,230E-3
68,098	-6,260E-3
68,345	-6,260E-3
68,591	-6,280E-3
68,837	-6,260E-3
69,083	-6,260E-3
69,327	-6,260E-3
69,574	-6,260E-3
69,820	-6,250E-3
70,065	-6,230E-3
70,311	-6,220E-3
70,557	-6,220E-3
70,803	-6,230E-3
71,050	-6,260E-3
71,294	-6,300E-3
71,540	-6,320E-3
71,787	-6,320E-3
72,033	-6,320E-3
72,279	-6,350E-3
72,524	-6,360E-3
72,770	-6,380E-3
73,016	-6,430E-3
73,262	-6,480E-3
73,507	-6,500E-3
73,753	-6,550E-3
73,999	-6,630E-3
74,244	-6,750E-3
74,490	-6,820E-3
74,736	-6,860E-3
74,983	-6,880E-3
75,229	-6,870E-3
75,473	-6,820E-3
75,720	-6,800E-3
75,966	-6,760E-3
76,211	-6,750E-3
76,457	-6,730E-3
76,703	-6,700E-3
76,949	-6,660E-3
77,194	-6,620E-3
77,440	-6,630E-3
77,686	-6,620E-3
77,933	-6,660E-3
78,177	-6,630E-3
78,424	-6,630E-3
78,669	-6,620E-3
78,916	-6,610E-3
79,162	-6,610E-3
79,408	-6,610E-3
79,653	-6,620E-3
79,899	-6,630E-3
80,144	-6,630E-3
80,390	-6,630E-3
80,636	-6,610E-3
80,882	-6,630E-3
81,127	-6,630E-3
81,373	-6,660E-3
81,619	-6,680E-3
81,866	-6,670E-3
82,112	-6,670E-3
82,357	-6,660E-3
82,602	-6,630E-3
82,849	-6,620E-3
83,095	-6,620E-3
83,340	-6,630E-3
83,586	-6,630E-3
83,832	-6,660E-3
84,079	-6,630E-3
84,324	-6,630E-3
84,570	-6,660E-3
84,816	-6,670E-3
85,063	-6,700E-3
85,307	-6,700E-3
85,553	-6,730E-3
85,800	-6,730E-3
86,046	-6,730E-3
86,292	-6,750E-3
86,538	-6,800E-3
86,783	-6,810E-3
87,029	-6,850E-3
87,276	-6,860E-3
87,520	-6,860E-3
87,766	-6,860E-3
88,013	-6,870E-3
88,259	-6,910E-3
88,505	-6,930E-3
88,751	-6,970E-3
88,996	-7,000E-3
89,242	-7,010E-3
89,487	-7,050E-3
89,733	-7,060E-3
89,979	-7,110E-3
90,225	-7,170E-3
90,470	-7,230E-3
90,716	-7,230E-3
90,962	-7,230E-3
91,209	-7,260E-3
91,453	-7,280E-3
91,699	-7,320E-3
91,946	-7,380E-3
92,192	-7,450E-3
92,438	-7,510E-3
92,684	-7,550E-3
92,929	-7,630E-3
93,175	-7,720E-3
93,421	-7,780E-3
93,666	-7,820E-3
93,912	-7,880E-3
94,158	-7,880E-3
94,404	-7,860E-3
94,650	-7,780E-3
94,895	-7,720E-3
95,142	-7,670E-3
95,388	-7,660E-3
95,632	-7,660E-3
95,879	-7,670E-3
96,125	-7,680E-3
96,371	-7,670E-3
96,616	-7,630E-3
96,862	-7,630E-3
97,108	-7,630E-3
97,354	-7,660E-3
97,599	-7,620E-3
97,845	-7,610E-3
98,091	-7,570E-3
98,337	-7,550E-3
98,582	-7,530E-3
98,830	-7,510E-3
99,075	-7,500E-3
99,321	-7,500E-3
99,566	-7,500E-3
99,812	-7,500E-3
100,058	-7,470E-3
100,304	-7,450E-3
100,549	-7,450E-3
100,795	-7,450E-3
101,041	-7,450E-3
101,288	-7,450E-3
101,534	-7,450E-3
101,780	-7,420E-3
102,026	-7,380E-3
102,272	-7,370E-3
102,518	-7,350E-3
102,763	-7,360E-3
103,009	-7,380E-3
103,255	-7,420E-3
103,500	-7,420E-3
103,746	-7,420E-3
103,992	-7,480E-3
104,238	-7,610E-3
104,485	-8,030E-3
104,730	-8,760E-3
104,975	-9,200E-3
105,222	-9,230E-3
105,468	-9,000E-3
105,714	-8,750E-3
105,960	-8,530E-3
106,205	-8,370E-3
106,451	-8,230E-3
106,696	-8,220E-3
106,942	-8,380E-3
107,188	-8,610E-3
107,433	-8,620E-3
107,679	-8,470E-3
107,925	-8,360E-3
108,171	-8,180E-3
108,418	-8,060E-3
108,664	-7,970E-3
108,909	-7,860E-3
109,155	-7,800E-3
109,401	-7,730E-3
109,647	-7,730E-3
109,892	-7,720E-3
110,138	-7,730E-3
110,384	-7,730E-3
110,630	-7,720E-3
110,875	-7,730E-3
111,121	-7,730E-3
111,368	-7,780E-3
111,613	-7,860E-3
111,858	-7,950E-3
112,105	-8,050E-3
112,351	-8,100E-3
112,597	-8,120E-3
112,842	-8,200E-3
113,088	-8,300E-3
113,334	-8,370E-3
113,580	-8,370E-3
113,825	-8,310E-3
114,071	-8,230E-3
114,317	-8,160E-3
114,564	-8,110E-3
114,809	-8,060E-3
115,054	-8,060E-3
115,301	-8,060E-3
115,547	-8,100E-3
115,793	-8,130E-3
116,038	-8,220E-3
116,284	-8,300E-3
116,530	-8,450E-3
116,775	-8,610E-3
117,021	-8,820E-3
117,267	-9,110E-3
117,513	-9,360E-3
117,760	-9,530E-3
118,006	-9,630E-3
118,250	-9,660E-3
118,497	-9,610E-3
118,743	-9,530E-3
118,988	-9,420E-3
119,234	-9,300E-3
119,481	-9,170E-3
119,727	-9,050E-3
119,972	-8,980E-3
120,218	-8,930E-3
120,464	-8,950E-3
120,709	-8,950E-3
120,955	-9,010E-3
121,201	-9,130E-3
121,447	-9,420E-3
121,694	-9,970E-3
121,963	-10,800E-3
122,234	-11,650E-3
122,505	-12,210E-3
122,774	-12,480E-3
123,045	-12,520E-3
123,316	-12,400E-3
123,586	-12,180E-3
123,856	-11,970E-3
124,128	-11,750E-3
124,397	-11,520E-3
124,669	-11,330E-3
124,939	-11,110E-3
125,208	-10,920E-3
125,479	-10,680E-3
125,750	-10,470E-3
126,019	-10,210E-3
126,265	-9,980E-3
126,512	-9,800E-3
126,758	-9,610E-3
127,004	-9,510E-3
127,249	-9,450E-3
127,495	-9,510E-3
127,741	-9,950E-3
128,010	-10,720E-3
128,281	-11,250E-3
128,552	-11,220E-3
128,823	-10,930E-3
129,092	-10,610E-3
129,363	-10,300E-3
129,634	-10,000E-3
129,880	-9,720E-3
130,125	-9,510E-3
130,371	-9,360E-3
130,617	-9,250E-3
130,862	-9,170E-3
131,108	-9,070E-3
131,354	-8,980E-3
131,600	-8,880E-3
131,845	-8,820E-3
132,092	-8,780E-3
132,337	-8,730E-3
132,584	-8,730E-3
132,830	-8,730E-3
133,076	-8,730E-3
133,320	-8,700E-3
133,567	-8,630E-3
133,813	-8,670E-3
134,058	-8,700E-3
134,304	-8,750E-3
134,550	-8,820E-3
134,797	-8,870E-3
135,042	-8,950E-3
135,287	-9,170E-3
135,533	-9,500E-3
135,780	-9,860E-3
136,050	-10,110E-3
136,320	-10,230E-3
136,591	-10,250E-3
136,861	-10,170E-3
137,132	-10,110E-3
137,402	-10,160E-3
137,673	-10,310E-3
137,944	-10,410E-3
138,215	-10,420E-3
138,484	-10,330E-3
138,755	-10,170E-3
139,026	-10,050E-3
139,271	-9,960E-3
139,517	-9,920E-3
139,763	-9,870E-3
140,009	-9,810E-3
140,254	-9,700E-3
140,500	-9,600E-3
140,746	-9,500E-3
140,991	-9,420E-3
141,237	-9,360E-3
141,483	-9,300E-3
141,729	-9,250E-3
141,976	-9,200E-3
142,222	-9,160E-3
142,467	-9,100E-3
142,713	-9,060E-3
142,959	-9,030E-3
143,204	-9,030E-3
143,450	-9,050E-3
143,696	-9,070E-3
143,942	-9,120E-3
144,188	-9,170E-3
144,433	-9,220E-3
144,679	-9,260E-3
144,926	-9,320E-3
145,172	-9,350E-3
145,416	-9,370E-3
145,662	-9,410E-3
145,909	-9,500E-3
146,155	-9,700E-3
146,424	-10,060E-3
146,697	-10,500E-3
146,966	-10,770E-3
147,237	-10,970E-3
147,506	-11,060E-3
147,777	-11,080E-3
148,048	-11,030E-3
148,317	-10,960E-3
148,588	-10,850E-3
148,859	-10,710E-3
149,130	-10,560E-3
149,399	-10,410E-3
149,671	-10,250E-3
149,941	-10,100E-3
150,211	-10,000E-3
150,456	-9,870E-3
150,702	-9,780E-3
150,948	-9,700E-3
151,195	-9,620E-3
151,441	-9,600E-3
151,686	-9,530E-3
151,932	-9,480E-3
152,178	-9,470E-3
152,424	-9,450E-3
152,669	-9,420E-3
152,915	-9,410E-3
153,161	-9,380E-3
153,406	-9,420E-3
153,652	-9,410E-3
153,898	-9,410E-3
154,144	-9,410E-3
154,390	-9,420E-3
154,636	-9,420E-3
154,882	-9,420E-3
155,129	-9,450E-3
155,374	-9,480E-3
155,620	-9,470E-3
155,866	-9,470E-3
156,112	-9,500E-3
156,358	-9,550E-3
156,603	-9,570E-3
156,849	-9,600E-3
157,095	-9,630E-3
157,340	-9,670E-3
157,586	-9,730E-3
157,832	-9,800E-3
158,078	-9,810E-3
158,325	-9,850E-3
158,571	-9,860E-3
158,816	-9,850E-3
159,062	-9,820E-3
159,308	-9,820E-3
159,553	-9,810E-3
159,799	-9,800E-3
160,045	-9,780E-3
160,291	-9,750E-3
160,536	-9,730E-3
160,782	-9,720E-3
161,028	-9,720E-3
161,273	-9,720E-3
161,519	-9,750E-3
161,767	-9,750E-3
162,011	-9,760E-3
162,258	-9,810E-3
162,504	-9,820E-3
162,749	-9,860E-3
162,995	-9,860E-3
163,241	-9,860E-3
163,486	-9,880E-3
163,732	-9,910E-3
163,978	-9,920E-3
164,224	-9,920E-3
164,469	-9,920E-3
164,715	-9,930E-3
164,962	-9,930E-3
165,208	-9,930E-3
165,454	-9,930E-3
165,700	-9,970E-3
165,971	-10,000E-3
166,216	-9,980E-3
166,462	-9,970E-3
166,707	-9,970E-3
166,977	-10,000E-3
167,248	-10,050E-3
167,519	-10,080E-3
167,788	-10,110E-3
168,059	-10,110E-3
168,330	-10,120E-3
168,599	-10,120E-3
168,870	-10,160E-3
169,141	-10,180E-3
169,412	-10,220E-3
169,681	-10,170E-3
169,952	-10,120E-3
170,223	-10,110E-3
170,494	-10,110E-3
170,763	-10,120E-3
171,034	-10,150E-3
171,304	-10,120E-3
171,574	-10,060E-3
171,844	-10,020E-3
172,116	-10,000E-3
172,363	-9,980E-3
172,633	-10,000E-3
172,903	-10,020E-3
173,149	-9,980E-3
173,395	-9,950E-3
173,641	-9,950E-3
173,886	-9,950E-3
174,132	-9,950E-3
174,378	-9,970E-3
174,648	-10,000E-3
174,920	-10,000E-3
175,165	-9,970E-3
175,411	-9,960E-3
175,657	-9,950E-3
175,902	-9,960E-3
176,148	-9,970E-3
176,394	-9,960E-3
176,640	-9,950E-3
176,885	-9,920E-3
177,131	-9,870E-3
177,378	-9,860E-3
177,624	-9,870E-3
177,870	-9,870E-3
178,115	-9,910E-3
178,361	-9,880E-3
178,607	-9,870E-3
178,853	-9,810E-3
179,098	-9,800E-3
179,344	-9,760E-3
179,590	-9,760E-3
179,835	-9,800E-3
180,081	-9,800E-3
180,327	-9,760E-3
180,573	-9,720E-3
180,818	-9,700E-3
181,064	-9,720E-3
181,311	-9,700E-3
181,557	-9,720E-3
181,803	-9,730E-3
182,048	-9,730E-3
182,294	-9,720E-3
182,540	-9,700E-3
182,786	-9,700E-3
183,031	-9,730E-3
183,277	-9,750E-3
183,523	-9,760E-3
183,768	-9,730E-3
184,014	-9,700E-3
184,260	-9,670E-3
184,506	-9,670E-3
184,753	-9,660E-3
184,999	-9,670E-3
185,244	-9,670E-3
185,490	-9,630E-3
185,736	-9,610E-3
185,981	-9,570E-3
186,227	-9,570E-3
186,473	-9,570E-3
186,719	-9,600E-3
186,964	-9,600E-3
187,212	-9,570E-3
187,457	-9,530E-3
187,703	-9,530E-3
187,948	-9,510E-3
188,194	-9,510E-3
188,440	-9,510E-3
188,686	-9,510E-3
188,932	-9,510E-3
189,177	-9,470E-3
189,424	-9,470E-3
189,670	-9,450E-3
189,915	-9,450E-3
190,161	-9,450E-3
190,407	-9,450E-3
190,653	-9,420E-3
190,899	-9,420E-3
191,144	-9,410E-3
191,391	-9,380E-3
191,637	-9,350E-3
191,883	-9,320E-3
192,127	-9,300E-3
192,374	-9,280E-3
192,620	-9,260E-3
192,866	-9,260E-3
193,113	-9,260E-3
193,357	-9,230E-3
193,604	-9,230E-3
193,848	-9,230E-3
194,094	-9,230E-3
194,340	-9,220E-3
194,587	-9,220E-3
194,833	-9,220E-3
195,078	-9,220E-3
195,324	-9,220E-3
195,570	-9,200E-3
195,816	-9,200E-3
196,062	-9,200E-3
196,307	-9,200E-3
196,553	-9,200E-3
196,799	-9,180E-3
197,044	-9,160E-3
197,290	-9,160E-3
197,537	-9,170E-3
197,783	-9,160E-3
198,029	-9,160E-3
198,273	-9,160E-3
198,520	-9,170E-3
198,766	-9,180E-3
199,012	-9,170E-3
199,257	-9,170E-3
199,503	-9,160E-3
199,749	-9,170E-3
199,995	-9,160E-3
200,240	-9,160E-3
200,486	-9,130E-3
200,733	-9,160E-3
200,977	-9,160E-3
201,223	-9,160E-3
201,469	-9,170E-3
201,716	-9,130E-3
201,962	-9,130E-3
202,208	-9,130E-3
202,453	-9,110E-3
202,699	-9,100E-3
202,945	-9,100E-3
203,190	-9,100E-3
203,436	-9,070E-3
203,682	-9,070E-3
203,928	-9,050E-3
204,173	-9,050E-3
204,419	-9,060E-3
204,666	-9,030E-3
204,912	-9,010E-3
205,158	-8,980E-3
205,404	-8,980E-3
205,649	-8,980E-3
205,895	-8,980E-3
206,141	-8,970E-3
206,386	-8,970E-3
206,632	-8,970E-3
206,878	-8,970E-3
207,124	-8,950E-3
207,370	-8,930E-3
207,616	-8,920E-3
207,863	-8,860E-3
208,108	-8,820E-3
208,353	-8,810E-3
208,600	-8,810E-3
208,846	-8,810E-3
209,092	-8,800E-3
209,338	-8,760E-3
209,583	-8,760E-3
209,829	-8,780E-3
210,075	-8,800E-3
210,320	-8,820E-3
210,566	-8,820E-3
210,813	-8,780E-3
211,057	-8,760E-3
211,303	-8,800E-3
211,550	-8,760E-3
211,796	-8,750E-3
212,042	-8,730E-3
212,288	-8,700E-3
212,533	-8,700E-3
212,779	-8,680E-3
213,025	-8,680E-3
213,271	-8,670E-3
213,516	-8,670E-3
213,762	-8,630E-3
214,009	-8,620E-3
214,254	-8,610E-3
214,500	-8,570E-3
214,746	-8,510E-3
214,992	-8,450E-3
215,238	-8,380E-3
215,484	-8,350E-3
215,729	-8,310E-3
215,975	-8,300E-3
216,221	-8,250E-3
216,466	-8,230E-3
216,714	-8,200E-3
216,958	-8,170E-3
217,204	-8,170E-3
217,451	-8,180E-3
217,696	-8,180E-3
217,942	-8,200E-3
218,188	-8,160E-3
218,434	-8,130E-3
218,679	-8,120E-3
218,925	-8,100E-3
219,171	-8,100E-3
219,417	-8,100E-3
219,662	-8,060E-3
219,908	-8,000E-3
220,153	-7,950E-3
220,399	-7,920E-3
220,645	-7,910E-3
220,891	-7,910E-3
221,138	-7,910E-3
221,384	-7,910E-3
221,630	-7,860E-3
221,875	-7,810E-3
222,121	-7,800E-3
222,367	-7,750E-3
222,612	-7,760E-3
222,858	-7,720E-3
223,104	-7,720E-3
223,350	-7,660E-3
223,595	-7,620E-3
223,841	-7,570E-3
224,088	-7,550E-3
224,335	-7,550E-3
224,579	-7,550E-3
224,825	-7,510E-3
225,072	-7,480E-3
225,318	-7,450E-3
225,564	-7,420E-3
225,809	-7,380E-3
226,055	-7,380E-3
226,300	-7,380E-3
226,547	-7,380E-3
226,792	-7,370E-3
227,038	-7,350E-3
227,283	-7,320E-3
227,529	-7,300E-3
227,775	-7,300E-3
228,022	-7,300E-3
228,268	-7,280E-3
228,514	-7,260E-3
228,759	-7,230E-3
229,005	-7,220E-3
229,251	-7,200E-3
229,497	-7,180E-3
229,742	-7,200E-3
229,988	-7,180E-3
230,233	-7,160E-3
230,481	-7,120E-3
230,725	-7,110E-3
230,971	-7,110E-3
231,218	-7,110E-3
231,464	-7,110E-3
231,708	-7,110E-3
231,955	-7,060E-3
232,201	-7,050E-3
232,447	-6,980E-3
232,693	-7,000E-3
232,938	-6,980E-3
233,184	-7,000E-3
233,429	-7,000E-3
233,675	-6,950E-3
233,921	-6,920E-3
234,168	-6,910E-3
234,414	-6,910E-3
234,659	-6,910E-3
234,904	-6,880E-3
235,151	-6,920E-3
235,397	-6,950E-3
235,643	-6,970E-3
235,888	-6,950E-3
236,134	-6,970E-3
236,380	-6,970E-3
236,626	-6,970E-3
236,871	-6,950E-3
237,117	-6,930E-3
237,364	-6,910E-3
237,608	-6,920E-3
237,856	-6,920E-3
238,101	-6,920E-3
238,347	-6,930E-3
238,593	-6,920E-3
238,839	-6,920E-3
239,084	-6,920E-3
239,330	-6,930E-3
239,575	-6,950E-3
239,821	-6,920E-3
240,067	-6,910E-3
240,313	-6,880E-3
240,558	-6,880E-3
240,806	-6,880E-3
241,050	-6,880E-3
241,297	-6,880E-3
241,543	-6,860E-3
241,790	-6,860E-3
242,035	-6,860E-3
242,281	-6,860E-3
242,527	-6,860E-3
242,773	-6,860E-3
243,018	-6,850E-3
243,264	-6,820E-3
243,511	-6,810E-3
243,757	-6,800E-3
244,001	-6,760E-3
244,247	-6,760E-3
244,494	-6,750E-3
244,740	-6,760E-3
244,986	-6,760E-3
245,231	-6,760E-3
245,477	-6,760E-3
245,722	-6,720E-3
245,968	-6,720E-3
246,214	-6,670E-3
246,460	-6,670E-3
246,705	-6,660E-3
246,951	-6,620E-3
247,197	-6,610E-3
247,444	-6,610E-3
247,690	-6,610E-3
247,936	-6,610E-3
248,182	-6,560E-3
248,427	-6,550E-3
248,673	-6,510E-3
248,919	-6,510E-3
249,164	-6,480E-3
249,410	-6,450E-3
249,655	-6,450E-3
249,901	-6,430E-3
250,147	-6,420E-3
250,393	-6,380E-3
250,640	-6,360E-3
250,884	-6,360E-3
251,131	-6,350E-3
251,377	-6,310E-3
251,623	-6,300E-3
251,869	-6,260E-3
252,115	-6,250E-3
252,360	-6,220E-3
252,606	-6,200E-3
252,851	-6,170E-3
253,097	-6,160E-3
253,343	-6,130E-3
253,588	-6,120E-3
253,834	-6,100E-3
254,080	-6,070E-3
254,326	-6,070E-3
254,573	-6,070E-3
254,819	-6,060E-3
255,063	-6,050E-3
255,310	-6,030E-3
255,556	-6,010E-3
255,802	-5,980E-3
256,048	-5,970E-3
256,293	-5,950E-3
256,539	-5,950E-3
256,786	-5,930E-3
257,032	-5,900E-3
257,276	-5,880E-3
257,523	-5,870E-3
257,769	-5,830E-3
258,013	-5,830E-3
258,259	-5,820E-3
258,506	-5,830E-3
258,752	-5,820E-3
258,997	-5,770E-3
259,243	-5,760E-3
259,490	-5,750E-3
259,736	-5,730E-3
259,983	-5,710E-3
260,227	-5,710E-3
260,473	-5,680E-3
260,720	-5,670E-3
260,964	-5,650E-3
261,211	-5,650E-3
261,457	-5,630E-3
261,703	-5,620E-3
261,949	-5,610E-3
262,195	-5,580E-3
262,440	-5,550E-3
262,686	-5,500E-3
262,933	-5,460E-3
263,177	-5,450E-3
263,423	-5,420E-3
263,669	-5,430E-3
263,914	-5,400E-3
264,160	-5,400E-3
264,406	-5,400E-3
264,653	-5,370E-3
264,899	-5,370E-3
265,144	-5,330E-3
265,390	-5,330E-3
265,636	-5,360E-3
265,882	-5,370E-3
266,127	-5,370E-3
266,373	-5,360E-3
266,619	-5,320E-3
266,866	-5,310E-3
267,111	-5,320E-3
267,356	-5,320E-3
267,602	-5,320E-3
267,849	-5,310E-3
268,095	-5,270E-3
268,341	-5,270E-3
268,586	-5,270E-3
268,832	-5,270E-3
269,077	-5,310E-3
269,323	-5,300E-3
269,569	-5,300E-3
269,815	-5,260E-3
270,062	-5,230E-3
270,306	-5,210E-3
270,552	-5,210E-3
270,799	-5,200E-3
271,044	-5,170E-3
271,289	-5,150E-3
271,535	-5,120E-3
271,782	-5,110E-3
272,028	-5,120E-3
272,273	-5,080E-3
272,519	-5,080E-3
272,765	-5,110E-3
273,010	-5,110E-3
273,256	-5,080E-3
273,502	-5,080E-3
273,748	-5,110E-3
273,995	-5,110E-3
274,241	-5,110E-3
274,487	-5,110E-3
274,732	-5,080E-3
274,978	-5,080E-3
275,224	-5,080E-3
275,469	-5,110E-3
275,717	-5,110E-3
275,961	-5,110E-3
276,208	-5,070E-3
276,452	-5,060E-3
276,698	-5,050E-3
276,946	-5,060E-3
277,190	-5,050E-3
277,436	-5,050E-3
277,684	-5,050E-3
277,929	-5,010E-3
278,174	-4,980E-3
278,420	-4,960E-3
278,666	-4,920E-3
278,912	-4,900E-3
279,158	-4,880E-3
279,403	-4,860E-3
279,651	-4,820E-3
279,895	-4,800E-3
280,142	-4,760E-3
280,388	-4,750E-3
280,632	-4,730E-3
280,879	-4,710E-3
281,125	-4,680E-3
281,370	-4,650E-3
281,617	-4,620E-3
281,862	-4,610E-3
282,108	-4,580E-3
282,353	-4,580E-3
282,599	-4,570E-3
282,845	-4,560E-3
283,091	-4,550E-3
283,336	-4,500E-3
283,582	-4,480E-3
283,828	-4,460E-3
284,075	-4,460E-3
284,320	-4,450E-3
284,566	-4,400E-3
284,812	-4,380E-3
285,058	-4,370E-3
285,304	-4,370E-3
285,549	-4,360E-3
285,795	-4,360E-3
286,041	-4,330E-3
286,286	-4,320E-3
286,532	-4,310E-3
286,778	-4,310E-3
287,024	-4,300E-3
287,271	-4,300E-3
287,517	-4,260E-3
287,761	-4,250E-3
288,008	-4,250E-3
288,254	-4,210E-3
288,499	-4,180E-3
288,745	-4,170E-3
288,991	-4,150E-3
289,237	-4,130E-3
289,482	-4,120E-3
289,728	-4,120E-3
289,974	-4,080E-3
290,221	-4,060E-3
290,466	-4,050E-3
290,711	-4,020E-3
290,957	-4,000E-3
291,204	-3,980E-3
291,450	-3,930E-3
291,695	-3,900E-3
291,941	-3,880E-3
292,187	-3,860E-3
292,432	-3,820E-3
292,678	-3,810E-3
292,924	-3,770E-3
293,170	-3,770E-3
293,417	-3,760E-3
293,661	-3,750E-3
293,907	-3,730E-3
294,154	-3,710E-3
294,399	-3,710E-3
294,645	-3,680E-3
294,891	-3,670E-3
295,138	-3,650E-3
295,384	-3,630E-3
295,629	-3,620E-3
295,875	-3,620E-3
296,121	-3,580E-3
296,366	-3,580E-3
296,612	-3,570E-3
296,858	-3,580E-3
297,104	-3,550E-3
297,350	-3,520E-3
297,595	-3,520E-3
297,841	-3,500E-3
298,088	-3,500E-3
298,334	-3,480E-3
298,580	-3,480E-3
298,825	-3,460E-3
299,071	-3,450E-3
299,317	-3,460E-3
299,562	-3,430E-3
299,808	-3,430E-3
300,054	-3,430E-3
300,301	-3,420E-3
300,545	-3,420E-3
300,791	-3,430E-3
301,037	-3,430E-3
301,284	-3,430E-3
301,530	-3,430E-3
301,775	-3,450E-3
302,021	-3,450E-3
302,267	-3,430E-3
302,513	-3,450E-3
302,758	-3,460E-3
303,004	-3,500E-3
303,250	-3,520E-3
303,495	-3,520E-3
303,741	-3,550E-3
303,987	-3,560E-3
304,234	-3,560E-3
304,480	-3,550E-3
304,726	-3,550E-3
304,972	-3,520E-3
305,217	-3,520E-3
305,463	-3,510E-3
305,708	-3,480E-3
305,954	-3,460E-3
306,200	-3,450E-3
306,446	-3,430E-3
306,691	-3,380E-3
306,937	-3,370E-3
307,183	-3,360E-3
307,430	-3,330E-3
307,674	-3,330E-3
307,921	-3,270E-3
308,167	-3,250E-3
308,413	-3,210E-3
308,659	-3,200E-3
308,904	-3,180E-3
309,150	-3,180E-3
309,396	-3,130E-3
309,643	-3,110E-3
309,887	-3,080E-3
310,133	-3,070E-3
310,379	-3,060E-3
310,626	-3,070E-3
310,871	-3,070E-3
311,117	-3,050E-3
311,363	-3,020E-3
311,609	-3,010E-3
311,855	-3,010E-3
312,101	-3,000E-3
312,347	-2,980E-3
312,593	-2,960E-3
312,838	-2,950E-3
313,084	-2,930E-3
313,330	-2,880E-3
313,575	-2,880E-3
313,821	-2,860E-3
314,067	-2,830E-3
314,313	-2,820E-3
314,560	-2,820E-3
314,806	-2,800E-3
315,053	-2,770E-3
315,297	-2,770E-3
315,543	-2,770E-3
315,788	-2,760E-3
316,034	-2,760E-3
316,280	-2,750E-3
316,526	-2,730E-3
316,773	-2,730E-3
317,019	-2,730E-3
317,263	-2,730E-3
317,510	-2,730E-3
317,756	-2,730E-3
318,002	-2,710E-3
318,247	-2,680E-3
318,493	-2,680E-3
318,739	-2,680E-3
318,986	-2,680E-3
319,230	-2,680E-3
319,476	-2,670E-3
319,722	-2,670E-3
319,969	-2,650E-3
320,213	-2,650E-3
320,459	-2,650E-3
320,706	-2,630E-3
320,952	-2,630E-3
321,197	-2,620E-3
321,443	-2,620E-3
321,689	-2,610E-3
321,935	-2,620E-3
322,180	-2,620E-3
322,426	-2,620E-3
322,672	-2,620E-3
322,919	-2,620E-3
323,163	-2,620E-3
323,409	-2,620E-3
323,656	-2,610E-3
323,902	-2,610E-3
324,148	-2,580E-3
324,393	-2,580E-3
324,639	-2,580E-3
324,885	-2,570E-3
325,130	-2,560E-3
325,376	-2,560E-3
325,622	-2,560E-3
325,868	-2,550E-3
326,113	-2,550E-3
326,359	-2,550E-3
326,605	-2,520E-3
326,852	-2,520E-3
327,097	-2,520E-3
327,342	-2,510E-3
327,589	-2,480E-3
327,835	-2,480E-3
328,079	-2,460E-3
328,326	-2,460E-3
328,572	-2,460E-3
328,818	-2,430E-3
329,063	-2,430E-3
329,310	-2,430E-3
329,556	-2,420E-3
329,802	-2,420E-3
330,049	-2,420E-3
330,293	-2,420E-3
330,539	-2,420E-3
330,786	-2,400E-3
331,032	-2,380E-3
331,278	-2,380E-3
331,523	-2,380E-3
331,769	-2,370E-3
332,015	-2,370E-3
332,260	-2,360E-3
332,506	-2,320E-3
332,752	-2,310E-3
332,997	-2,300E-3
333,243	-2,310E-3
333,489	-2,270E-3
333,735	-2,250E-3
333,981	-2,230E-3
334,228	-2,230E-3
334,473	-2,200E-3
334,719	-2,200E-3
334,965	-2,200E-3
335,211	-2,200E-3
335,456	-2,170E-3
335,702	-2,170E-3
335,948	-2,170E-3
336,193	-2,130E-3
336,439	-2,130E-3
336,685	-2,120E-3
336,932	-2,120E-3
337,176	-2,120E-3
337,422	-2,120E-3
337,668	-2,120E-3
337,915	-2,150E-3
338,161	-2,180E-3
338,406	-2,210E-3
338,654	-2,260E-3
338,898	-2,270E-3
339,144	-2,300E-3
339,389	-2,300E-3
339,635	-2,270E-3
339,881	-2,270E-3
340,126	-2,260E-3
340,372	-2,250E-3
340,619	-2,230E-3
340,865	-2,230E-3
341,111	-2,230E-3
341,357	-2,210E-3
341,602	-2,180E-3
341,848	-2,180E-3
342,094	-2,180E-3
342,339	-2,150E-3
342,585	-2,130E-3
342,831	-2,150E-3
343,077	-2,170E-3
343,322	-2,170E-3
343,568	-2,200E-3
343,814	-2,210E-3
344,061	-2,210E-3
344,306	-2,250E-3
344,552	-2,260E-3
344,798	-2,270E-3
345,044	-2,300E-3
345,290	-2,300E-3
345,535	-2,310E-3
345,781	-2,310E-3
346,027	-2,300E-3
346,272	-2,270E-3
346,520	-2,250E-3
346,765	-2,250E-3
347,011	-2,200E-3
347,258	-2,170E-3
347,504	-2,150E-3
347,749	-2,110E-3
347,995	-2,080E-3
348,241	-2,060E-3
348,486	-2,020E-3
348,732	-2,000E-3
348,978	-1,970E-3
349,224	-1,970E-3
349,469	-1,950E-3
349,715	-1,910E-3
349,961	-1,880E-3
350,208	-1,870E-3
350,454	-1,850E-3
350,698	-1,830E-3
350,944	-1,820E-3
351,191	-1,780E-3
351,437	-1,770E-3
351,682	-1,770E-3
351,928	-1,760E-3
352,174	-1,750E-3
352,421	-1,720E-3
352,665	-1,720E-3
352,911	-1,710E-3
353,157	-1,720E-3
353,404	-1,700E-3
353,648	-1,700E-3
353,895	-1,700E-3
354,141	-1,700E-3
354,387	-1,700E-3
354,633	-1,700E-3
354,878	-1,680E-3
355,124	-1,680E-3
355,370	-1,660E-3
355,615	-1,660E-3
355,861	-1,660E-3
356,107	-1,650E-3
356,354	-1,650E-3
356,598	-1,630E-3
356,844	-1,630E-3
357,090	-1,620E-3
357,337	-1,620E-3
357,583	-1,600E-3
357,828	-1,600E-3
358,074	-1,580E-3
358,320	-1,570E-3
358,566	-1,560E-3
358,811	-1,560E-3
359,057	-1,530E-3
359,303	-1,530E-3
359,548	-1,510E-3
359,794	-1,510E-3
360,041	-1,500E-3
360,287	-1,470E-3
360,532	-1,470E-3
360,777	-1,470E-3
361,024	-1,470E-3
361,270	-1,470E-3
361,516	-1,460E-3
361,761	-1,460E-3
362,007	-1,450E-3
362,253	-1,450E-3
362,499	-1,450E-3
362,744	-1,450E-3
362,990	-1,460E-3
363,236	-1,450E-3
363,481	-1,460E-3
363,727	-1,470E-3
363,974	-1,470E-3
364,221	-1,470E-3
364,467	-1,470E-3
364,711	-1,500E-3
364,958	-1,500E-3
365,204	-1,530E-3
365,450	-1,530E-3
365,695	-1,570E-3
365,941	-1,570E-3
366,189	-1,570E-3
366,433	-1,580E-3
366,679	-1,600E-3
366,924	-1,620E-3
367,171	-1,650E-3
367,417	-1,660E-3
367,663	-1,700E-3
367,908	-1,720E-3
368,154	-1,750E-3
368,400	-1,750E-3
368,646	-1,770E-3
368,891	-1,770E-3
369,137	-1,780E-3
369,383	-1,770E-3
369,630	-1,770E-3
369,874	-1,760E-3
370,122	-1,750E-3
370,366	-1,720E-3
