720,000000
1,000000
-1
0,000	-1,700E-3
0,247	-1,700E-3
0,493	-1,700E-3
0,738	-1,700E-3
0,984	-1,710E-3
1,230	-1,710E-3
1,476	-1,700E-3
1,721	-1,700E-3
1,968	-1,700E-3
2,214	-1,700E-3
2,459	-1,680E-3
2,705	-1,660E-3
2,951	-1,660E-3
3,197	-1,620E-3
3,442	-1,600E-3
3,688	-1,570E-3
3,935	-1,570E-3
4,181	-1,530E-3
4,427	-1,510E-3
4,672	-1,500E-3
4,918	-1,470E-3
5,164	-1,470E-3
5,410	-1,450E-3
5,655	-1,430E-3
5,901	-1,430E-3
6,147	-1,430E-3
6,394	-1,410E-3
6,639	-1,400E-3
6,884	-1,410E-3
7,130	-1,410E-3
7,377	-1,380E-3
7,623	-1,380E-3
7,868	-1,380E-3
8,114	-1,380E-3
8,360	-1,370E-3
8,605	-1,380E-3
8,851	-1,380E-3
9,097	-1,370E-3
9,343	-1,380E-3
9,588	-1,400E-3
9,834	-1,400E-3
10,081	-1,400E-3
10,326	-1,410E-3
10,573	-1,410E-3
10,817	-1,410E-3
11,064	-1,430E-3
11,310	-1,450E-3
11,556	-1,460E-3
11,801	-1,460E-3
12,047	-1,470E-3
12,293	-1,470E-3
12,538	-1,510E-3
12,784	-1,510E-3
13,030	-1,520E-3
13,276	-1,520E-3
13,523	-1,530E-3
13,769	-1,530E-3
14,014	-1,570E-3
14,260	-1,570E-3
14,506	-1,580E-3
14,750	-1,600E-3
14,997	-1,620E-3
15,243	-1,620E-3
15,489	-1,630E-3
15,734	-1,630E-3
15,980	-1,660E-3
16,227	-1,660E-3
16,471	-1,660E-3
16,717	-1,660E-3
16,963	-1,660E-3
17,210	-1,660E-3
17,456	-1,660E-3
17,702	-1,700E-3
17,947	-1,700E-3
18,193	-1,710E-3
18,439	-1,710E-3
18,685	-1,720E-3
18,930	-1,720E-3
19,176	-1,760E-3
19,423	-1,760E-3
19,668	-1,770E-3
19,914	-1,780E-3
20,161	-1,820E-3
20,407	-1,810E-3
20,653	-1,810E-3
20,899	-1,780E-3
21,144	-1,780E-3
21,390	-1,780E-3
21,636	-1,820E-3
21,881	-1,850E-3
22,127	-1,870E-3
22,373	-1,910E-3
22,619	-1,960E-3
22,864	-1,980E-3
23,110	-2,020E-3
23,357	-2,080E-3
23,603	-2,130E-3
23,849	-2,180E-3
24,094	-2,250E-3
24,340	-2,260E-3
24,586	-2,300E-3
24,832	-2,320E-3
25,077	-2,330E-3
25,323	-2,360E-3
25,569	-2,380E-3
25,814	-2,380E-3
26,060	-2,360E-3
26,306	-2,360E-3
26,552	-2,330E-3
26,797	-2,320E-3
27,043	-2,310E-3
27,290	-2,260E-3
27,536	-2,260E-3
27,782	-2,260E-3
28,027	-2,250E-3
28,273	-2,250E-3
28,519	-2,230E-3
28,765	-2,250E-3
29,010	-2,230E-3
29,256	-2,250E-3
29,503	-2,250E-3
29,747	-2,260E-3
29,993	-2,270E-3
30,239	-2,300E-3
30,486	-2,310E-3
30,732	-2,330E-3
30,978	-2,370E-3
31,223	-2,400E-3
31,469	-2,460E-3
31,715	-2,500E-3
31,960	-2,480E-3
32,206	-2,430E-3
32,452	-2,330E-3
32,698	-2,310E-3
32,944	-2,270E-3
33,189	-2,210E-3
33,436	-2,210E-3
33,682	-2,210E-3
33,928	-2,210E-3
34,174	-2,200E-3
34,419	-2,210E-3
34,665	-2,210E-3
34,911	-2,230E-3
35,156	-2,230E-3
35,402	-2,250E-3
35,649	-2,250E-3
35,893	-2,270E-3
36,139	-2,270E-3
36,385	-2,270E-3
36,632	-2,310E-3
36,879	-2,310E-3
37,124	-2,320E-3
37,370	-2,330E-3
37,616	-2,360E-3
37,862	-2,370E-3
38,108	-2,400E-3
38,353	-2,430E-3
38,599	-2,460E-3
38,845	-2,460E-3
39,090	-2,450E-3
39,336	-2,480E-3
39,583	-2,500E-3
39,827	-2,520E-3
40,075	-2,550E-3
40,319	-2,550E-3
40,566	-2,570E-3
40,812	-2,570E-3
41,058	-2,570E-3
41,303	-2,610E-3
41,549	-2,580E-3
41,795	-2,620E-3
42,041	-2,620E-3
42,286	-2,630E-3
42,532	-2,630E-3
42,779	-2,650E-3
43,023	-2,650E-3
43,269	-2,650E-3
43,516	-2,680E-3
43,762	-2,670E-3
44,008	-2,700E-3
44,254	-2,700E-3
44,499	-2,710E-3
44,745	-2,730E-3
44,991	-2,730E-3
45,236	-2,760E-3
45,482	-2,770E-3
45,728	-2,770E-3
45,974	-2,800E-3
46,219	-2,820E-3
46,465	-2,830E-3
46,712	-2,820E-3
46,958	-2,860E-3
47,203	-2,870E-3
47,449	-2,870E-3
47,695	-2,870E-3
47,941	-2,870E-3
48,187	-2,870E-3
48,432	-2,860E-3
48,678	-2,870E-3
48,925	-2,870E-3
49,169	-2,880E-3
49,415	-2,870E-3
49,661	-2,870E-3
49,908	-2,870E-3
50,153	-2,860E-3
50,399	-2,860E-3
50,645	-2,860E-3
50,891	-2,870E-3
51,137	-2,860E-3
51,382	-2,860E-3
51,628	-2,870E-3
51,874	-2,900E-3
52,120	-2,900E-3
52,365	-2,930E-3
52,611	-2,930E-3
52,858	-2,950E-3
53,103	-2,930E-3
53,348	-2,950E-3
53,594	-2,950E-3
53,841	-2,960E-3
54,087	-2,960E-3
54,334	-2,980E-3
54,579	-2,980E-3
54,825	-3,000E-3
55,070	-3,020E-3
55,316	-3,020E-3
55,562	-3,050E-3
55,808	-3,060E-3
56,055	-3,080E-3
56,300	-3,110E-3
56,546	-3,120E-3
56,792	-3,130E-3
57,038	-3,150E-3
57,284	-3,170E-3
57,530	-3,180E-3
57,775	-3,180E-3
58,021	-3,200E-3
58,267	-3,210E-3
58,512	-3,210E-3
58,758	-3,230E-3
59,003	-3,230E-3
59,249	-3,230E-3
59,495	-3,260E-3
59,741	-3,270E-3
59,988	-3,300E-3
60,234	-3,310E-3
60,480	-3,320E-3
60,725	-3,330E-3
60,971	-3,330E-3
61,217	-3,370E-3
61,462	-3,380E-3
61,708	-3,380E-3
61,954	-3,400E-3
62,199	-3,430E-3
62,445	-3,450E-3
62,691	-3,480E-3
62,938	-3,500E-3
63,184	-3,510E-3
63,430	-3,560E-3
63,674	-3,620E-3
63,921	-3,670E-3
64,167	-3,730E-3
64,413	-3,770E-3
64,658	-3,810E-3
64,904	-3,830E-3
65,150	-3,870E-3
65,396	-3,880E-3
65,641	-3,930E-3
65,887	-3,950E-3
66,134	-3,960E-3
66,378	-3,980E-3
66,625	-3,980E-3
66,871	-4,000E-3
67,117	-4,000E-3
67,362	-3,980E-3
67,607	-3,960E-3
67,854	-3,960E-3
68,100	-3,950E-3
68,345	-3,930E-3
68,591	-3,920E-3
68,837	-3,900E-3
69,083	-3,900E-3
69,330	-3,900E-3
69,576	-3,870E-3
69,820	-3,860E-3
70,067	-3,870E-3
70,313	-3,900E-3
70,557	-3,900E-3
70,804	-3,900E-3
71,050	-3,920E-3
71,296	-3,920E-3
71,542	-3,950E-3
71,788	-3,980E-3
72,034	-3,980E-3
72,281	-4,000E-3
72,526	-4,000E-3
72,771	-4,010E-3
73,017	-4,020E-3
73,264	-4,050E-3
73,510	-4,080E-3
73,754	-4,080E-3
74,001	-4,110E-3
74,247	-4,130E-3
74,493	-4,150E-3
74,738	-4,180E-3
74,984	-4,210E-3
75,230	-4,210E-3
75,475	-4,230E-3
75,721	-4,260E-3
75,967	-4,270E-3
76,214	-4,310E-3
76,458	-4,320E-3
76,704	-4,360E-3
76,950	-4,400E-3
77,197	-4,430E-3
77,443	-4,450E-3
77,689	-4,460E-3
77,934	-4,480E-3
78,180	-4,510E-3
78,426	-4,520E-3
78,671	-4,570E-3
78,917	-4,620E-3
79,163	-4,680E-3
79,408	-4,680E-3
79,654	-4,710E-3
79,900	-4,750E-3
80,147	-4,760E-3
80,393	-4,810E-3
80,639	-4,830E-3
80,885	-4,830E-3
81,130	-4,870E-3
81,376	-4,900E-3
81,621	-4,930E-3
81,867	-4,960E-3
82,113	-5,000E-3
82,359	-5,020E-3
82,604	-5,080E-3
82,850	-5,080E-3
83,096	-5,110E-3
83,343	-5,120E-3
83,589	-5,120E-3
83,833	-5,150E-3
84,080	-5,180E-3
84,326	-5,200E-3
84,572	-5,210E-3
84,818	-5,250E-3
85,063	-5,270E-3
85,309	-5,320E-3
85,554	-5,330E-3
85,802	-5,380E-3
86,046	-5,400E-3
86,292	-5,430E-3
86,539	-5,460E-3
86,783	-5,460E-3
87,029	-5,480E-3
87,276	-5,510E-3
87,522	-5,550E-3
87,767	-5,580E-3
88,013	-5,620E-3
88,259	-5,650E-3
88,505	-5,680E-3
88,750	-5,750E-3
88,996	-5,760E-3
89,242	-5,770E-3
89,490	-5,770E-3
89,736	-5,810E-3
89,982	-5,830E-3
90,226	-5,860E-3
90,473	-5,900E-3
90,719	-5,950E-3
90,965	-5,960E-3
91,210	-5,980E-3
91,456	-6,000E-3
91,701	-6,050E-3
91,947	-6,100E-3
92,193	-6,160E-3
92,439	-6,220E-3
92,686	-6,260E-3
92,932	-6,300E-3
93,176	-6,350E-3
93,423	-6,370E-3
93,669	-6,420E-3
93,915	-6,430E-3
94,159	-6,450E-3
94,406	-6,480E-3
94,652	-6,550E-3
94,897	-6,570E-3
95,143	-6,610E-3
95,389	-6,670E-3
95,634	-6,680E-3
95,880	-6,720E-3
96,126	-6,730E-3
96,372	-6,760E-3
96,619	-6,800E-3
96,865	-6,820E-3
97,109	-6,850E-3
97,356	-6,850E-3
97,602	-6,860E-3
97,848	-6,880E-3
98,094	-6,880E-3
98,339	-6,950E-3
98,585	-6,970E-3
98,830	-7,000E-3
99,078	-7,010E-3
99,322	-7,050E-3
99,569	-7,100E-3
99,815	-7,130E-3
100,059	-7,180E-3
100,305	-7,220E-3
100,552	-7,230E-3
100,798	-7,280E-3
101,043	-7,300E-3
101,289	-7,350E-3
101,535	-7,370E-3
101,781	-7,410E-3
102,026	-7,430E-3
102,272	-7,450E-3
102,518	-7,500E-3
102,765	-7,510E-3
103,011	-7,550E-3
103,255	-7,570E-3
103,502	-7,610E-3
103,748	-7,660E-3
103,994	-7,670E-3
104,240	-7,700E-3
104,485	-7,750E-3
104,731	-7,780E-3
104,976	-7,820E-3
105,222	-7,860E-3
105,468	-7,880E-3
105,714	-7,920E-3
105,961	-7,950E-3
106,205	-7,980E-3
106,451	-8,050E-3
106,698	-8,060E-3
106,945	-8,120E-3
107,190	-8,170E-3
107,436	-8,220E-3
107,682	-8,260E-3
107,928	-8,300E-3
108,173	-8,320E-3
108,419	-8,380E-3
108,665	-8,430E-3
108,912	-8,500E-3
109,156	-8,550E-3
109,402	-8,610E-3
109,648	-8,620E-3
109,895	-8,670E-3
110,141	-8,730E-3
110,387	-8,800E-3
110,632	-8,870E-3
110,878	-8,920E-3
111,123	-8,970E-3
111,369	-9,030E-3
111,615	-9,110E-3
111,861	-9,160E-3
112,106	-9,230E-3
112,352	-9,300E-3
112,598	-9,360E-3
112,845	-9,410E-3
113,089	-9,450E-3
113,335	-9,510E-3
113,581	-9,570E-3
113,828	-9,630E-3
114,074	-9,680E-3
114,318	-9,730E-3
114,565	-9,800E-3
114,811	-9,850E-3
115,058	-9,910E-3
115,302	-9,950E-3
115,548	-9,980E-3
115,819	-10,060E-3
116,090	-10,110E-3
116,359	-10,170E-3
116,630	-10,250E-3
116,901	-10,310E-3
117,172	-10,370E-3
117,441	-10,430E-3
117,712	-10,530E-3
117,982	-10,610E-3
118,252	-10,680E-3
118,523	-10,750E-3
118,793	-10,810E-3
119,063	-10,860E-3
119,335	-10,920E-3
119,604	-10,970E-3
119,875	-11,060E-3
120,146	-11,150E-3
120,415	-11,220E-3
120,686	-11,280E-3
120,957	-11,360E-3
121,226	-11,430E-3
121,497	-11,500E-3
121,768	-11,580E-3
122,039	-11,660E-3
122,308	-11,750E-3
122,579	-11,830E-3
122,850	-11,930E-3
123,121	-12,030E-3
123,390	-12,120E-3
123,662	-12,250E-3
123,930	-12,300E-3
124,202	-12,330E-3
124,474	-12,370E-3
124,743	-12,420E-3
125,014	-12,470E-3
125,285	-12,520E-3
125,554	-12,580E-3
125,825	-12,650E-3
126,096	-12,720E-3
126,365	-12,780E-3
126,636	-12,860E-3
126,907	-12,910E-3
127,178	-12,960E-3
127,447	-13,020E-3
127,718	-13,050E-3
127,989	-13,080E-3
128,260	-13,150E-3
128,530	-13,210E-3
128,800	-13,250E-3
129,070	-13,310E-3
129,341	-13,330E-3
129,612	-13,350E-3
129,881	-13,410E-3
130,152	-13,430E-3
130,423	-13,430E-3
130,692	-13,470E-3
130,963	-13,520E-3
131,234	-13,600E-3
131,503	-13,620E-3
131,774	-13,610E-3
132,045	-13,660E-3
132,316	-13,660E-3
132,585	-13,610E-3
132,856	-13,620E-3
133,127	-13,620E-3
133,397	-13,600E-3
133,667	-13,610E-3
133,938	-13,620E-3
134,208	-13,660E-3
134,478	-13,660E-3
134,748	-13,710E-3
135,019	-13,750E-3
135,290	-13,800E-3
135,561	-13,830E-3
135,830	-13,870E-3
136,101	-13,920E-3
136,372	-13,970E-3
136,643	-14,010E-3
136,912	-14,020E-3
137,183	-14,070E-3
137,454	-14,100E-3
137,723	-14,130E-3
137,994	-14,160E-3
138,265	-14,170E-3
138,534	-14,210E-3
138,805	-14,260E-3
139,075	-14,300E-3
139,345	-14,330E-3
139,617	-14,360E-3
139,887	-14,400E-3
140,157	-14,450E-3
140,428	-14,470E-3
140,697	-14,510E-3
140,968	-14,510E-3
141,239	-14,530E-3
141,510	-14,580E-3
141,780	-14,630E-3
142,051	-14,700E-3
142,322	-14,770E-3
142,593	-14,780E-3
142,862	-14,820E-3
143,133	-14,850E-3
143,404	-14,860E-3
143,673	-14,900E-3
143,943	-14,910E-3
144,215	-14,920E-3
144,485	-14,960E-3
144,755	-15,030E-3
145,025	-15,080E-3
145,296	-15,150E-3
145,567	-15,170E-3
145,838	-15,210E-3
146,107	-15,220E-3
146,378	-15,220E-3
146,648	-15,200E-3
146,918	-15,200E-3
147,189	-15,200E-3
147,460	-15,220E-3
147,729	-15,260E-3
148,000	-15,260E-3
148,271	-15,270E-3
148,542	-15,270E-3
148,811	-15,300E-3
149,082	-15,330E-3
149,352	-15,360E-3
149,622	-15,400E-3
149,895	-15,450E-3
150,163	-15,460E-3
150,433	-15,470E-3
150,705	-15,520E-3
150,974	-15,530E-3
151,245	-15,550E-3
151,516	-15,600E-3
151,787	-15,630E-3
152,056	-15,670E-3
152,327	-15,720E-3
152,598	-15,800E-3
152,867	-15,860E-3
153,138	-15,900E-3
153,409	-15,920E-3
153,678	-15,970E-3
153,949	-16,020E-3
154,220	-16,110E-3
154,491	-16,150E-3
154,760	-16,210E-3
155,031	-16,260E-3
155,302	-16,280E-3
155,572	-16,330E-3
155,843	-16,350E-3
156,112	-16,350E-3
156,383	-16,400E-3
156,654	-16,450E-3
156,924	-16,460E-3
157,194	-16,470E-3
157,465	-16,520E-3
157,735	-16,570E-3
158,005	-16,580E-3
158,276	-16,580E-3
158,547	-16,600E-3
158,817	-16,630E-3
159,087	-16,670E-3
159,359	-16,720E-3
159,629	-16,730E-3
159,900	-16,770E-3
160,170	-16,780E-3
160,440	-16,820E-3
160,711	-16,860E-3
160,980	-16,900E-3
161,251	-16,920E-3
161,522	-17,010E-3
161,793	-17,080E-3
162,062	-17,130E-3
162,333	-17,170E-3
162,604	-17,200E-3
162,873	-17,220E-3
163,144	-17,260E-3
163,415	-17,230E-3
163,686	-17,220E-3
163,955	-17,200E-3
164,226	-17,200E-3
164,497	-17,220E-3
164,767	-17,230E-3
165,037	-17,260E-3
165,308	-17,260E-3
165,578	-17,270E-3
165,848	-17,330E-3
166,120	-17,350E-3
166,389	-17,380E-3
166,660	-17,410E-3
166,931	-17,450E-3
167,202	-17,470E-3
167,471	-17,510E-3
167,742	-17,520E-3
168,011	-17,550E-3
168,282	-17,570E-3
168,553	-17,600E-3
168,823	-17,660E-3
169,093	-17,710E-3
169,364	-17,700E-3
169,635	-17,710E-3
169,904	-17,730E-3
170,175	-17,730E-3
170,445	-17,760E-3
170,717	-17,800E-3
170,987	-17,860E-3
171,256	-17,920E-3
171,527	-17,920E-3
171,798	-17,880E-3
172,069	-17,860E-3
172,338	-17,850E-3
172,609	-17,860E-3
172,880	-17,880E-3
173,149	-17,900E-3
173,420	-17,920E-3
173,691	-17,910E-3
173,960	-17,910E-3
174,231	-17,910E-3
174,502	-17,930E-3
174,773	-17,970E-3
175,042	-18,000E-3
175,314	-18,030E-3
175,584	-18,030E-3
175,854	-18,060E-3
176,125	-18,080E-3
176,394	-18,120E-3
176,666	-18,130E-3
176,937	-18,120E-3
177,208	-18,130E-3
177,477	-18,160E-3
177,748	-18,210E-3
178,019	-18,270E-3
178,288	-18,280E-3
178,559	-18,320E-3
178,830	-18,310E-3
179,099	-18,320E-3
179,370	-18,320E-3
179,641	-18,320E-3
179,912	-18,310E-3
180,182	-18,310E-3
180,452	-18,310E-3
180,722	-18,310E-3
180,993	-18,330E-3
181,263	-18,400E-3
181,533	-18,450E-3
181,804	-18,430E-3
182,075	-18,450E-3
182,344	-18,410E-3
182,615	-18,410E-3
182,886	-18,410E-3
183,156	-18,450E-3
183,426	-18,470E-3
183,697	-18,500E-3
183,968	-18,510E-3
184,237	-18,530E-3
184,510	-18,530E-3
184,779	-18,560E-3
185,050	-18,570E-3
185,319	-18,560E-3
185,590	-18,570E-3
185,860	-18,570E-3
186,130	-18,570E-3
186,402	-18,560E-3
186,671	-18,570E-3
186,942	-18,570E-3
187,213	-18,520E-3
187,483	-18,500E-3
187,753	-18,460E-3
188,024	-18,430E-3
188,295	-18,430E-3
188,564	-18,450E-3
188,835	-18,450E-3
189,106	-18,450E-3
189,375	-18,450E-3
189,646	-18,450E-3
189,917	-18,450E-3
190,187	-18,470E-3
190,457	-18,460E-3
190,727	-18,470E-3
190,998	-18,510E-3
191,269	-18,470E-3
191,538	-18,450E-3
191,809	-18,430E-3
192,080	-18,410E-3
192,351	-18,450E-3
192,620	-18,430E-3
192,891	-18,410E-3
193,162	-18,430E-3
193,433	-18,410E-3
193,702	-18,430E-3
193,973	-18,470E-3
194,245	-18,530E-3
194,514	-18,570E-3
194,785	-18,560E-3
195,056	-18,530E-3
195,327	-18,520E-3
195,596	-18,500E-3
195,867	-18,470E-3
196,137	-18,470E-3
196,407	-18,460E-3
196,677	-18,430E-3
196,948	-18,400E-3
197,218	-18,380E-3
197,490	-18,370E-3
197,759	-18,350E-3
198,030	-18,310E-3
198,301	-18,250E-3
198,572	-18,210E-3
198,841	-18,160E-3
199,112	-18,120E-3
199,383	-18,080E-3
199,652	-18,060E-3
199,923	-18,030E-3
200,194	-18,030E-3
200,463	-18,000E-3
200,734	-17,970E-3
201,005	-17,970E-3
201,276	-18,000E-3
201,545	-18,000E-3
201,815	-18,010E-3
202,087	-18,000E-3
202,357	-17,950E-3
202,627	-17,900E-3
202,897	-17,860E-3
203,168	-17,800E-3
203,439	-17,760E-3
203,708	-17,720E-3
203,979	-17,720E-3
204,250	-17,650E-3
204,521	-17,600E-3
204,790	-17,550E-3
205,061	-17,520E-3
205,332	-17,420E-3
205,601	-17,400E-3
205,872	-17,350E-3
206,143	-17,320E-3
206,412	-17,270E-3
206,684	-17,170E-3
206,954	-17,220E-3
207,224	-17,280E-3
207,495	-17,300E-3
207,764	-17,350E-3
208,035	-17,330E-3
208,306	-17,330E-3
208,577	-17,330E-3
208,846	-17,320E-3
209,117	-17,330E-3
209,388	-17,330E-3
209,657	-17,320E-3
209,928	-17,300E-3
210,199	-17,300E-3
210,468	-17,270E-3
210,739	-17,230E-3
211,010	-17,220E-3
211,281	-17,230E-3
211,551	-17,230E-3
211,822	-17,260E-3
212,092	-17,270E-3
212,363	-17,280E-3
212,633	-17,260E-3
212,903	-17,200E-3
213,174	-17,110E-3
213,445	-17,020E-3
213,716	-16,960E-3
213,985	-16,850E-3
214,256	-16,800E-3
214,527	-16,720E-3
214,798	-16,660E-3
215,067	-16,610E-3
215,338	-16,530E-3
215,607	-16,480E-3
215,878	-16,420E-3
216,149	-16,400E-3
216,419	-16,330E-3
216,689	-16,280E-3
216,960	-16,230E-3
217,230	-16,200E-3
217,500	-16,150E-3
217,772	-16,110E-3
218,041	-16,080E-3
218,312	-16,020E-3
218,583	-15,980E-3
218,852	-15,980E-3
219,123	-16,020E-3
219,394	-15,980E-3
219,665	-16,020E-3
219,934	-16,050E-3
220,205	-16,080E-3
220,476	-16,160E-3
220,745	-16,260E-3
221,016	-16,360E-3
221,287	-16,520E-3
221,556	-16,720E-3
221,827	-16,960E-3
222,099	-17,270E-3
222,369	-17,630E-3
222,639	-17,950E-3
222,910	-18,260E-3
223,179	-18,510E-3
223,450	-18,760E-3
223,721	-18,710E-3
223,990	-18,220E-3
224,261	-17,530E-3
224,532	-16,850E-3
224,803	-16,330E-3
225,072	-15,920E-3
225,343	-15,650E-3
225,614	-15,470E-3
225,885	-15,360E-3
226,154	-15,270E-3
226,425	-15,200E-3
226,696	-15,100E-3
226,966	-15,010E-3
227,236	-14,920E-3
227,506	-14,850E-3
227,777	-14,800E-3
228,047	-14,720E-3
228,317	-14,650E-3
228,588	-14,630E-3
228,859	-14,630E-3
229,129	-14,650E-3
229,400	-14,670E-3
229,671	-14,730E-3
229,942	-14,820E-3
230,211	-14,920E-3
230,482	-15,070E-3
230,753	-15,210E-3
231,022	-15,300E-3
231,293	-15,380E-3
231,564	-15,480E-3
231,834	-15,630E-3
232,104	-15,880E-3
232,375	-16,150E-3
232,645	-16,260E-3
232,915	-16,160E-3
233,185	-15,970E-3
233,456	-15,900E-3
233,727	-15,960E-3
233,998	-16,170E-3
234,267	-16,520E-3
234,538	-16,730E-3
234,809	-16,580E-3
235,080	-16,100E-3
235,349	-15,480E-3
235,620	-14,950E-3
235,891	-14,570E-3
236,160	-14,230E-3
236,431	-13,960E-3
236,702	-13,730E-3
236,971	-13,520E-3
237,242	-13,360E-3
237,512	-13,230E-3
237,784	-13,160E-3
238,054	-13,080E-3
238,324	-13,030E-3
238,594	-13,030E-3
238,865	-13,050E-3
239,135	-13,100E-3
239,405	-13,120E-3
239,676	-13,210E-3
239,947	-13,280E-3
240,216	-13,370E-3
240,487	-13,480E-3
240,758	-13,670E-3
241,029	-13,910E-3
241,298	-14,260E-3
241,569	-14,980E-3
241,840	-16,410E-3
242,110	-17,770E-3
242,380	-17,570E-3
242,651	-16,550E-3
242,921	-15,510E-3
243,191	-14,830E-3
243,461	-14,470E-3
243,732	-14,320E-3
244,003	-14,330E-3
244,274	-14,400E-3
244,543	-14,550E-3
244,814	-14,770E-3
245,085	-15,070E-3
245,354	-15,420E-3
245,625	-15,720E-3
245,896	-15,970E-3
246,167	-16,360E-3
246,436	-16,800E-3
246,708	-17,300E-3
246,977	-17,970E-3
247,248	-18,810E-3
247,519	-19,810E-3
247,789	-20,760E-3
248,059	-21,310E-3
248,330	-21,030E-3
248,600	-20,010E-3
248,872	-18,630E-3
249,142	-17,420E-3
249,411	-16,510E-3
249,682	-15,830E-3
249,953	-15,330E-3
250,224	-14,970E-3
250,493	-14,730E-3
250,764	-14,650E-3
251,035	-14,600E-3
251,304	-14,670E-3
251,575	-14,900E-3
251,846	-15,150E-3
252,117	-15,470E-3
252,386	-15,800E-3
252,657	-16,110E-3
252,928	-16,230E-3
253,197	-16,080E-3
253,469	-15,730E-3
253,739	-15,360E-3
254,009	-14,980E-3
254,280	-14,670E-3
254,549	-14,380E-3
254,820	-14,080E-3
255,091	-13,830E-3
255,362	-13,610E-3
255,631	-13,430E-3
255,902	-13,350E-3
256,172	-13,300E-3
256,442	-13,330E-3
256,713	-13,430E-3
256,984	-13,620E-3
257,255	-13,770E-3
257,524	-13,780E-3
257,795	-13,750E-3
258,066	-13,710E-3
258,336	-13,650E-3
258,606	-13,520E-3
258,876	-13,400E-3
259,147	-13,230E-3
259,418	-13,110E-3
259,687	-13,050E-3
259,958	-13,000E-3
260,229	-12,970E-3
260,498	-12,910E-3
260,769	-12,870E-3
261,040	-12,850E-3
261,311	-12,850E-3
261,580	-12,850E-3
261,851	-12,830E-3
262,122	-12,870E-3
262,393	-13,000E-3
262,662	-13,430E-3
262,933	-14,210E-3
263,203	-14,450E-3
263,473	-14,220E-3
263,744	-13,910E-3
264,014	-13,660E-3
264,285	-13,600E-3
264,557	-13,670E-3
264,826	-14,100E-3
265,097	-15,080E-3
265,368	-16,270E-3
265,637	-16,330E-3
265,908	-15,670E-3
266,179	-14,950E-3
266,448	-14,420E-3
266,719	-14,050E-3
266,990	-13,810E-3
267,261	-13,610E-3
267,530	-13,470E-3
267,801	-13,360E-3
268,072	-13,280E-3
268,343	-13,230E-3
268,612	-13,210E-3
268,884	-13,230E-3
269,153	-13,180E-3
269,424	-13,170E-3
269,695	-13,210E-3
269,964	-13,250E-3
270,235	-13,310E-3
270,506	-13,370E-3
270,775	-13,410E-3
271,046	-13,420E-3
271,317	-13,430E-3
271,586	-13,500E-3
271,857	-13,520E-3
272,128	-13,560E-3
272,399	-13,620E-3
272,668	-13,680E-3
272,939	-13,800E-3
273,210	-13,850E-3
273,480	-13,910E-3
273,749	-13,930E-3
274,021	-13,960E-3
274,291	-13,980E-3
274,562	-13,980E-3
274,832	-14,010E-3
275,102	-14,030E-3
275,373	-14,110E-3
275,644	-14,150E-3
275,913	-14,200E-3
276,184	-14,270E-3
276,455	-14,410E-3
276,724	-14,580E-3
276,995	-14,670E-3
277,266	-14,700E-3
277,535	-14,650E-3
277,806	-14,530E-3
278,077	-14,450E-3
278,348	-14,360E-3
278,618	-14,320E-3
278,888	-14,260E-3
279,158	-14,200E-3
279,429	-14,130E-3
279,699	-14,070E-3
279,971	-14,020E-3
280,240	-13,960E-3
280,511	-13,930E-3
280,782	-13,910E-3
281,051	-13,910E-3
281,322	-13,860E-3
281,593	-13,830E-3
281,863	-13,780E-3
282,134	-13,730E-3
282,405	-13,710E-3
282,676	-13,670E-3
282,945	-13,660E-3
283,216	-13,620E-3
283,487	-13,600E-3
283,756	-13,580E-3
284,027	-13,580E-3
284,297	-13,580E-3
284,567	-13,600E-3
284,839	-13,610E-3
285,108	-13,600E-3
285,379	-13,560E-3
285,650	-13,530E-3
285,920	-13,480E-3
286,190	-13,470E-3
286,461	-13,470E-3
286,731	-13,460E-3
287,001	-13,470E-3
287,272	-13,530E-3
287,543	-13,600E-3
287,812	-13,600E-3
288,083	-13,650E-3
288,354	-13,670E-3
288,623	-13,710E-3
288,894	-13,710E-3
289,164	-13,660E-3
289,436	-13,660E-3
289,706	-13,620E-3
289,975	-13,650E-3
290,246	-13,620E-3
290,517	-13,600E-3
290,788	-13,580E-3
291,057	-13,560E-3
291,328	-13,560E-3
291,599	-13,560E-3
291,868	-13,520E-3
292,139	-13,520E-3
292,410	-13,530E-3
292,681	-13,530E-3
292,950	-13,530E-3
293,221	-13,530E-3
293,492	-13,530E-3
293,761	-13,560E-3
294,032	-13,600E-3
294,303	-13,650E-3
294,573	-13,660E-3
294,843	-13,750E-3
295,113	-13,860E-3
295,384	-13,950E-3
295,655	-14,030E-3
295,926	-14,160E-3
296,195	-14,220E-3
296,466	-14,160E-3
296,737	-14,010E-3
297,006	-13,860E-3
297,277	-13,710E-3
297,548	-13,560E-3
297,819	-13,420E-3
298,088	-13,330E-3
298,359	-13,220E-3
298,630	-13,120E-3
298,901	-13,050E-3
299,171	-13,000E-3
299,442	-12,960E-3
299,713	-12,900E-3
299,982	-12,870E-3
300,254	-12,850E-3
300,524	-12,810E-3
300,794	-12,800E-3
301,065	-12,810E-3
301,336	-12,800E-3
301,605	-12,780E-3
301,876	-12,810E-3
302,147	-12,780E-3
302,416	-12,770E-3
302,687	-12,730E-3
302,957	-12,750E-3
303,227	-12,680E-3
303,498	-12,620E-3
303,769	-12,560E-3
304,038	-12,480E-3
304,309	-12,420E-3
304,580	-12,330E-3
304,851	-12,210E-3
305,121	-12,120E-3
305,391	-12,060E-3
305,661	-12,020E-3
305,932	-11,960E-3
306,203	-11,930E-3
306,472	-11,850E-3
306,743	-11,780E-3
307,014	-11,710E-3
307,283	-11,610E-3
307,554	-11,530E-3
307,825	-11,460E-3
308,096	-11,410E-3
308,365	-11,310E-3
308,636	-11,230E-3
308,907	-11,160E-3
309,176	-11,080E-3
309,447	-11,020E-3
309,718	-10,970E-3
309,988	-10,900E-3
310,258	-10,810E-3
310,528	-10,730E-3
310,799	-10,660E-3
311,069	-10,560E-3
311,341	-10,470E-3
311,610	-10,410E-3
311,881	-10,350E-3
312,150	-10,280E-3
312,421	-10,250E-3
312,692	-10,180E-3
312,963	-10,120E-3
313,232	-10,100E-3
313,503	-10,030E-3
313,749	-9,970E-3
313,995	-9,950E-3
314,240	-9,910E-3
314,486	-9,860E-3
314,732	-9,820E-3
314,979	-9,810E-3
315,225	-9,760E-3
315,470	-9,760E-3
315,716	-9,760E-3
315,962	-9,730E-3
316,208	-9,730E-3
316,453	-9,750E-3
316,700	-9,750E-3
316,946	-9,760E-3
317,191	-9,750E-3
317,437	-9,730E-3
317,683	-9,720E-3
317,929	-9,700E-3
318,176	-9,720E-3
318,422	-9,700E-3
318,667	-9,670E-3
318,913	-9,610E-3
319,159	-9,550E-3
319,404	-9,470E-3
319,650	-9,380E-3
319,896	-9,300E-3
320,142	-9,160E-3
320,387	-9,030E-3
320,633	-8,910E-3
320,879	-8,810E-3
321,125	-8,700E-3
321,370	-8,560E-3
321,617	-8,470E-3
321,862	-8,380E-3
322,109	-8,320E-3
322,355	-8,230E-3
322,600	-8,130E-3
322,846	-8,030E-3
323,092	-7,920E-3
323,337	-7,860E-3
323,583	-7,760E-3
323,829	-7,680E-3
324,075	-7,630E-3
324,320	-7,550E-3
324,566	-7,450E-3
324,813	-7,380E-3
325,059	-7,310E-3
325,305	-7,220E-3
325,551	-7,160E-3
325,796	-7,070E-3
326,042	-7,000E-3
326,288	-6,930E-3
326,533	-6,860E-3
326,779	-6,780E-3
327,025	-6,700E-3
327,270	-6,620E-3
327,516	-6,550E-3
327,762	-6,480E-3
328,008	-6,380E-3
328,255	-6,300E-3
328,501	-6,200E-3
328,746	-6,130E-3
328,992	-6,050E-3
329,238	-5,980E-3
329,484	-5,900E-3
329,729	-5,830E-3
329,975	-5,750E-3
330,221	-5,680E-3
330,466	-5,580E-3
330,713	-5,510E-3
330,959	-5,450E-3
331,205	-5,370E-3
331,450	-5,310E-3
331,697	-5,230E-3
331,942	-5,170E-3
332,188	-5,120E-3
332,434	-5,050E-3
332,679	-4,960E-3
332,925	-4,900E-3
333,171	-4,830E-3
333,417	-4,760E-3
333,662	-4,700E-3
333,908	-4,620E-3
334,155	-4,560E-3
334,402	-4,480E-3
334,646	-4,430E-3
334,893	-4,370E-3
335,139	-4,270E-3
335,385	-4,230E-3
335,630	-4,130E-3
335,876	-4,080E-3
336,122	-4,000E-3
336,368	-3,920E-3
336,613	-3,860E-3
336,859	-3,770E-3
337,105	-3,710E-3
337,351	-3,630E-3
337,598	-3,580E-3
337,842	-3,500E-3
338,089	-3,430E-3
338,335	-3,370E-3
338,581	-3,300E-3
338,826	-3,230E-3
339,072	-3,130E-3
339,318	-3,060E-3
339,564	-3,000E-3
339,809	-2,900E-3
340,055	-2,830E-3
340,301	-2,750E-3
340,548	-2,680E-3
340,792	-2,620E-3
341,038	-2,550E-3
341,284	-2,480E-3
341,531	-2,420E-3
341,777	-2,360E-3
342,022	-2,270E-3
342,268	-2,230E-3
342,514	-2,170E-3
342,759	-2,080E-3
343,005	-2,020E-3
343,251	-1,960E-3
343,497	-1,910E-3
343,742	-1,830E-3
343,988	-1,780E-3
344,235	-1,720E-3
344,481	-1,660E-3
344,726	-1,600E-3
344,973	-1,530E-3
345,218	-1,470E-3
345,464	-1,410E-3
345,710	-1,380E-3
345,955	-1,320E-3
346,201	-1,260E-3
346,447	-1,220E-3
346,692	-1,150E-3
346,939	-1,130E-3
347,184	-1,060E-3
347,430	-1,030E-3
347,675	-0,970E-3
347,921	-0,950E-3
348,168	-0,900E-3
348,414	-0,830E-3
348,658	-0,780E-3
348,904	-0,760E-3
349,151	-0,720E-3
349,397	-0,680E-3
349,643	-0,650E-3
349,888	-0,630E-3
350,134	-0,580E-3
350,379	-0,560E-3
350,625	-0,510E-3
350,871	-0,500E-3
351,117	-0,460E-3
351,364	-0,430E-3
351,611	-0,410E-3
351,857	-0,380E-3
352,102	-0,370E-3
352,348	-0,350E-3
352,594	-0,330E-3
352,840	-0,310E-3
353,085	-0,280E-3
353,331	-0,270E-3
353,577	-0,260E-3
353,824	-0,250E-3
354,068	-0,220E-3
354,315	-0,220E-3
354,561	-0,210E-3
354,805	-0,200E-3
355,053	-0,200E-3
355,298	-0,200E-3
355,544	-0,180E-3
355,790	-0,160E-3
356,035	-0,150E-3
356,281	-0,160E-3
356,527	-0,130E-3
356,773	-0,130E-3
357,018	-0,130E-3
357,264	-0,130E-3
357,511	-0,120E-3
357,755	-0,130E-3
358,001	-0,130E-3
358,248	-0,120E-3
358,494	-0,120E-3
358,740	-0,120E-3
358,986	-0,120E-3
359,231	-0,100E-3
359,477	-0,120E-3
359,723	-0,120E-3
359,968	-0,100E-3
360,214	-0,100E-3
360,460	-0,100E-3
360,706	-0,100E-3
360,951	-0,100E-3
361,198	-0,100E-3
361,444	-0,100E-3
361,690	-0,100E-3
361,936	-0,100E-3
362,182	-0,080E-3
362,427	-0,100E-3
362,673	-0,100E-3
362,919	-0,100E-3
363,164	-0,100E-3
363,410	-0,100E-3
363,655	-0,100E-3
363,903	-0,100E-3
364,147	-0,100E-3
364,393	-0,100E-3
364,640	-0,100E-3
364,886	-0,100E-3
365,132	-0,080E-3
365,377	-0,100E-3
365,623	-0,080E-3
365,869	-0,100E-3
366,115	-0,080E-3
366,360	-0,100E-3
366,606	-0,080E-3
366,852	-0,100E-3
367,097	-0,100E-3
367,343	-0,100E-3
367,590	-0,100E-3
367,836	-0,100E-3
368,080	-0,080E-3
368,326	-0,080E-3
368,573	-0,080E-3
368,819	-0,080E-3
369,066	-0,100E-3
369,311	-0,100E-3
369,557	-0,100E-3
369,803	-0,100E-3
370,049	-0,080E-3
