670,000000
0,600000
1
0,000	0,1530E-3
0,246	0,1510E-3
0,492	0,1530E-3
0,737	0,1500E-3
0,983	0,1430E-3
1,229	0,1430E-3
1,475	0,1520E-3
1,721	0,1470E-3
1,966	0,1500E-3
2,212	0,1520E-3
2,458	0,1620E-3
2,703	0,1600E-3
2,950	0,1570E-3
3,196	0,1570E-3
3,442	0,1560E-3
3,689	0,1450E-3
3,933	0,1400E-3
4,180	0,1410E-3
4,426	0,1430E-3
4,672	0,1380E-3
4,917	0,1260E-3
5,163	0,1260E-3
5,409	0,1250E-3
5,655	0,1330E-3
5,902	0,1330E-3
6,146	0,1460E-3
6,393	0,1400E-3
6,639	0,1330E-3
6,885	0,1270E-3
7,129	0,1280E-3
7,376	0,1210E-3
7,622	0,1220E-3
7,868	0,1210E-3
8,113	0,1220E-3
8,359	0,1260E-3
8,605	0,1380E-3
8,850	0,1410E-3
9,096	0,1450E-3
9,342	0,1410E-3
9,588	0,1350E-3
9,835	0,1350E-3
10,081	0,1330E-3
10,326	0,1330E-3
10,572	0,1470E-3
10,818	0,1580E-3
11,064	0,1620E-3
11,309	0,1630E-3
11,555	0,1580E-3
11,801	0,1600E-3
12,046	0,1620E-3
12,292	0,1620E-3
12,539	0,1580E-3
12,785	0,1580E-3
13,030	0,1600E-3
13,275	0,1620E-3
13,522	0,1620E-3
13,768	0,1710E-3
14,014	0,1710E-3
14,259	0,1700E-3
14,505	0,1650E-3
14,751	0,1560E-3
14,997	0,1560E-3
15,242	0,1520E-3
15,488	0,1520E-3
15,734	0,1530E-3
15,979	0,1500E-3
16,225	0,1460E-3
16,472	0,1460E-3
16,718	0,1460E-3
16,964	0,1410E-3
17,210	0,1400E-3
17,455	0,1380E-3
17,701	0,1330E-3
17,947	0,1350E-3
18,192	0,1410E-3
18,438	0,1270E-3
18,684	0,1270E-3
18,930	0,1370E-3
19,175	0,1430E-3
19,421	0,1400E-3
19,668	0,1450E-3
19,914	0,1460E-3
20,160	0,1530E-3
20,406	0,1520E-3
20,652	0,1460E-3
20,898	0,1500E-3
21,144	0,1460E-3
21,389	0,1410E-3
21,635	0,1460E-3
21,881	0,1430E-3
22,126	0,1400E-3
22,372	0,1410E-3
22,618	0,1430E-3
22,864	0,1460E-3
23,111	0,1430E-3
23,355	0,1460E-3
23,602	0,1580E-3
23,848	0,1720E-3
24,094	0,1870E-3
24,339	0,1830E-3
24,585	0,1880E-3
24,831	0,1830E-3
25,077	0,1830E-3
25,322	0,1910E-3
25,568	0,1930E-3
25,815	0,1910E-3
26,060	0,1960E-3
26,305	0,2010E-3
26,551	0,2050E-3
26,798	0,2050E-3
27,044	0,2060E-3
27,288	0,2020E-3
27,535	0,2070E-3
27,781	0,2200E-3
28,027	0,2230E-3
28,272	0,2310E-3
28,518	0,2420E-3
28,764	0,2520E-3
29,010	0,2580E-3
29,255	0,2760E-3
29,501	0,3010E-3
29,748	0,3210E-3
29,994	0,3270E-3
30,240	0,3300E-3
30,485	0,3170E-3
30,731	0,3010E-3
30,977	0,2760E-3
31,223	0,2420E-3
31,468	0,2110E-3
31,714	0,1850E-3
31,961	0,1630E-3
32,207	0,1530E-3
32,451	0,1520E-3
32,697	0,1500E-3
32,944	0,1500E-3
33,190	0,1430E-3
33,435	0,1410E-3
33,681	0,1450E-3
33,927	0,1520E-3
34,173	0,1600E-3
34,419	0,1760E-3
34,664	0,1880E-3
34,910	0,1960E-3
35,156	0,2050E-3
35,401	0,2050E-3
35,647	0,1970E-3
35,894	0,1960E-3
36,140	0,1970E-3
36,386	0,2010E-3
36,630	0,2070E-3
36,877	0,2120E-3
37,123	0,2200E-3
37,369	0,2210E-3
37,614	0,2200E-3
37,861	0,2260E-3
38,107	0,2260E-3
38,353	0,2270E-3
38,598	0,2270E-3
38,844	0,2330E-3
39,091	0,2400E-3
39,337	0,2430E-3
39,581	0,2500E-3
39,828	0,2460E-3
40,074	0,2480E-3
40,319	0,2460E-3
40,566	0,2520E-3
40,811	0,2450E-3
41,057	0,2320E-3
41,303	0,2270E-3
41,548	0,2150E-3
41,794	0,1950E-3
42,040	0,1820E-3
42,286	0,1770E-3
42,531	0,1680E-3
42,777	0,1650E-3
43,024	0,1620E-3
43,270	0,1570E-3
43,516	0,1530E-3
43,761	0,1500E-3
44,007	0,1470E-3
44,253	0,1430E-3
44,499	0,1430E-3
44,744	0,1400E-3
44,990	0,1470E-3
45,235	0,1500E-3
45,483	0,1530E-3
45,727	0,1650E-3
45,973	0,1870E-3
46,220	0,2060E-3
46,466	0,2300E-3
46,712	0,2460E-3
46,957	0,2630E-3
47,203	0,2710E-3
47,449	0,2730E-3
47,694	0,2700E-3
47,940	0,2770E-3
48,186	0,2920E-3
48,432	0,3170E-3
48,677	0,3570E-3
48,923	0,3900E-3
49,170	0,4050E-3
49,416	0,4080E-3
49,662	0,4010E-3
49,906	0,3820E-3
50,153	0,3580E-3
50,399	0,3420E-3
50,645	0,3200E-3
50,890	0,3020E-3
51,136	0,2870E-3
51,381	0,2680E-3
51,627	0,2620E-3
51,873	0,2510E-3
52,119	0,2450E-3
52,364	0,2430E-3
52,610	0,2460E-3
52,856	0,2560E-3
53,103	0,2560E-3
53,349	0,2520E-3
53,595	0,2520E-3
53,841	0,2480E-3
54,086	0,2460E-3
54,332	0,2460E-3
54,578	0,2550E-3
54,823	0,2510E-3
55,069	0,2510E-3
55,317	0,2500E-3
55,563	0,2450E-3
55,807	0,2400E-3
56,053	0,2300E-3
56,300	0,2270E-3
56,546	0,2270E-3
56,790	0,2210E-3
57,037	0,2170E-3
57,283	0,2170E-3
57,529	0,2130E-3
57,775	0,2110E-3
58,020	0,2150E-3
58,266	0,2200E-3
58,512	0,2150E-3
58,757	0,2120E-3
59,003	0,2120E-3
59,249	0,2210E-3
59,496	0,2210E-3
59,742	0,2180E-3
59,987	0,2170E-3
60,233	0,2170E-3
60,479	0,2130E-3
60,725	0,2150E-3
60,970	0,2150E-3
61,216	0,2120E-3
61,462	0,2110E-3
61,708	0,2080E-3
61,953	0,2110E-3
62,199	0,2120E-3
62,446	0,2110E-3
62,690	0,2080E-3
62,936	0,2120E-3
63,183	0,2150E-3
63,429	0,2130E-3
63,675	0,2120E-3
63,921	0,2110E-3
64,166	0,2120E-3
64,412	0,2080E-3
64,659	0,2080E-3
64,903	0,2080E-3
65,149	0,2180E-3
65,395	0,2210E-3
65,642	0,2210E-3
65,888	0,2250E-3
66,132	0,2300E-3
66,379	0,2250E-3
66,625	0,2320E-3
66,870	0,2400E-3
67,116	0,2360E-3
67,362	0,2320E-3
67,608	0,2360E-3
67,854	0,2400E-3
68,099	0,2450E-3
68,345	0,2510E-3
68,590	0,2510E-3
68,836	0,2510E-3
69,082	0,2520E-3
69,328	0,2550E-3
69,575	0,2510E-3
69,819	0,2480E-3
70,067	0,2480E-3
70,312	0,2500E-3
70,558	0,2550E-3
70,803	0,2560E-3
71,049	0,2560E-3
71,295	0,2580E-3
71,541	0,2620E-3
71,786	0,2680E-3
72,032	0,2730E-3
72,278	0,2760E-3
72,523	0,2800E-3
72,770	0,2800E-3
73,018	0,2750E-3
73,262	0,2700E-3
73,509	0,2700E-3
73,755	0,2730E-3
74,001	0,2760E-3
74,246	0,2820E-3
74,492	0,2860E-3
74,737	0,2870E-3
74,983	0,2960E-3
75,229	0,3080E-3
75,475	0,3120E-3
75,720	0,3170E-3
75,968	0,3210E-3
76,212	0,3210E-3
76,459	0,3320E-3
76,705	0,3330E-3
76,950	0,3330E-3
77,195	0,3360E-3
77,442	0,3310E-3
77,688	0,3330E-3
77,933	0,3320E-3
78,179	0,3360E-3
78,425	0,3420E-3
78,672	0,3400E-3
78,916	0,3430E-3
79,162	0,3450E-3
79,408	0,3460E-3
79,655	0,3480E-3
79,901	0,3400E-3
80,146	0,3330E-3
80,392	0,3300E-3
80,638	0,3260E-3
80,884	0,3170E-3
81,130	0,3020E-3
81,375	0,2960E-3
81,621	0,2880E-3
81,868	0,2800E-3
82,112	0,2770E-3
82,358	0,2670E-3
82,605	0,2570E-3
82,851	0,2430E-3
83,096	0,2380E-3
83,342	0,2260E-3
