670,000000
0,600000
1
0,000	1,4400E-3
0,244	1,4270E-3
0,491	1,4260E-3
0,737	1,4210E-3
0,983	1,4050E-3
1,228	1,3870E-3
1,474	1,3620E-3
1,720	1,3610E-3
1,965	1,3710E-3
2,211	1,3780E-3
2,459	1,4010E-3
2,703	1,4100E-3
2,950	1,4020E-3
3,194	1,3970E-3
3,441	1,3970E-3
3,687	1,4050E-3
3,933	1,3930E-3
4,179	1,3810E-3
4,424	1,3780E-3
4,670	1,3670E-3
4,916	1,3650E-3
5,162	1,3520E-3
5,407	1,3410E-3
5,653	1,3330E-3
5,900	1,3270E-3
6,145	1,3270E-3
6,392	1,3180E-3
6,636	1,3050E-3
6,883	1,2860E-3
7,129	1,2860E-3
7,373	1,3020E-3
7,620	1,3030E-3
7,866	1,3030E-3
8,111	1,2920E-3
8,357	1,2910E-3
8,603	1,2770E-3
8,849	1,2720E-3
9,094	1,2730E-3
9,340	1,2720E-3
9,586	1,2650E-3
9,833	1,2480E-3
10,078	1,2420E-3
10,323	1,2400E-3
10,569	1,2250E-3
10,816	1,2030E-3
11,062	1,2080E-3
11,308	1,2050E-3
11,553	1,2050E-3
11,799	1,2030E-3
12,044	1,1900E-3
12,292	1,1780E-3
12,536	1,1600E-3
12,782	1,1310E-3
13,029	1,1020E-3
13,276	1,0770E-3
13,520	1,0650E-3
13,767	1,0420E-3
14,013	1,0280E-3
14,257	1,0050E-3
14,503	1,0000E-3
14,750	1,0020E-3
14,996	0,9920E-3
15,241	0,9680E-3
15,487	0,9420E-3
15,733	0,9060E-3
15,978	0,9000E-3
16,226	0,8810E-3
16,470	0,8630E-3
16,716	0,8320E-3
16,963	0,8010E-3
17,208	0,7810E-3
17,453	0,7750E-3
17,700	0,7470E-3
17,946	0,7120E-3
18,192	0,6870E-3
18,438	0,6700E-3
18,683	0,6630E-3
18,929	0,6570E-3
19,174	0,6370E-3
19,420	0,6280E-3
19,666	0,6120E-3
19,913	0,5920E-3
20,159	0,5710E-3
20,405	0,5550E-3
20,651	0,5570E-3
20,896	0,5620E-3
21,142	0,5620E-3
21,387	0,5570E-3
21,633	0,5370E-3
21,879	0,5270E-3
22,125	0,5230E-3
22,370	0,5110E-3
22,616	0,5070E-3
22,862	0,5130E-3
23,109	0,5010E-3
23,353	0,4810E-3
23,599	0,4630E-3
23,846	0,4610E-3
24,092	0,4430E-3
24,338	0,4360E-3
24,584	0,4260E-3
24,829	0,4200E-3
25,075	0,4200E-3
25,320	0,4270E-3
25,566	0,4320E-3
25,812	0,4250E-3
26,058	0,4210E-3
26,303	0,4210E-3
26,551	0,4210E-3
26,795	0,4120E-3
27,042	0,4020E-3
27,287	0,4010E-3
27,533	0,4020E-3
27,779	0,4210E-3
28,025	0,4420E-3
28,271	0,4500E-3
28,516	0,4760E-3
28,762	0,4980E-3
29,008	0,5330E-3
29,254	0,5730E-3
29,499	0,6310E-3
29,745	0,6800E-3
29,993	0,7200E-3
30,238	0,7450E-3
30,482	0,7350E-3
30,729	0,6930E-3
30,976	0,6170E-3
31,222	0,5210E-3
31,467	0,4170E-3
31,713	0,3070E-3
31,959	0,2420E-3
32,205	0,1810E-3
32,450	0,1400E-3
32,696	0,1100E-3
32,942	0,1060E-3
33,189	0,1010E-3
33,435	0,1100E-3
33,681	0,1270E-3
33,925	0,1520E-3
34,172	0,1580E-3
34,418	0,1710E-3
34,663	0,1950E-3
34,909	0,2150E-3
35,155	0,2170E-3
35,402	0,2210E-3
35,646	0,2310E-3
35,892	0,2460E-3
36,138	0,2710E-3
36,384	0,2760E-3
36,629	0,2710E-3
36,875	0,2870E-3
37,122	0,3070E-3
37,368	0,3180E-3
37,614	0,3370E-3
37,860	0,3460E-3
38,105	0,3570E-3
38,351	0,3630E-3
38,596	0,3800E-3
38,842	0,4010E-3
39,088	0,4060E-3
39,335	0,4260E-3
39,579	0,4320E-3
39,827	0,4250E-3
40,071	0,4230E-3
40,318	0,4210E-3
40,564	0,4130E-3
40,809	0,3900E-3
41,055	0,3480E-3
41,301	0,3080E-3
41,547	0,2760E-3
41,792	0,2480E-3
42,038	0,2230E-3
42,284	0,2070E-3
42,529	0,1870E-3
42,776	0,1680E-3
43,021	0,1320E-3
43,268	0,1020E-3
43,514	0,0650E-3
43,758	0,0330E-3
44,004	0,0280E-3
44,251	0,0200E-3
44,497	0,0100E-3
44,742	0,0010E-3
45,012	-0,0080E-3
45,283	-0,0350E-3
45,554	-0,0380E-3
45,823	-0,0400E-3
46,094	-0,0570E-3
46,365	-0,0500E-3
46,636	-0,0330E-3
46,907	-0,0100E-3
47,151	0,0010E-3
47,398	0,0020E-3
47,643	0,0030E-3
47,890	0,0160E-3
48,135	0,0210E-3
48,382	0,0160E-3
48,628	0,0220E-3
48,874	0,0260E-3
49,119	0,0260E-3
49,365	0,0310E-3
49,612	0,0410E-3
49,856	0,0570E-3
50,102	0,0520E-3
50,349	0,0500E-3
50,593	0,0500E-3
50,841	0,0630E-3
51,085	0,0650E-3
51,332	0,0650E-3
51,578	0,0700E-3
51,823	0,0710E-3
52,069	0,0810E-3
52,315	0,0930E-3
52,561	0,1070E-3
52,808	0,1180E-3
53,052	0,1270E-3
53,298	0,1260E-3
53,543	0,1270E-3
53,791	0,1450E-3
54,035	0,1460E-3
54,282	0,1580E-3
54,528	0,1680E-3
54,774	0,1620E-3
55,019	0,1700E-3
55,265	0,1750E-3
55,511	0,1750E-3
55,756	0,1780E-3
56,002	0,1720E-3
56,248	0,1710E-3
56,494	0,1750E-3
56,741	0,1870E-3
56,985	0,1930E-3
57,231	0,1880E-3
57,478	0,1830E-3
57,724	0,1650E-3
57,969	0,1430E-3
58,215	0,1370E-3
58,461	0,1320E-3
58,707	0,1320E-3
58,952	0,1250E-3
59,198	0,1270E-3
59,444	0,1210E-3
59,691	0,1210E-3
59,935	0,1210E-3
60,181	0,1200E-3
60,427	0,1080E-3
60,674	0,1080E-3
60,918	0,1150E-3
61,166	0,1010E-3
61,411	0,1070E-3
61,657	0,1080E-3
61,903	0,1060E-3
62,148	0,1070E-3
62,394	0,1130E-3
62,640	0,1150E-3
62,885	0,1220E-3
63,131	0,1400E-3
63,377	0,1370E-3
63,623	0,1410E-3
63,869	0,1370E-3
64,116	0,1330E-3
64,361	0,1380E-3
64,607	0,1460E-3
64,853	0,1510E-3
65,098	0,1430E-3
65,344	0,1400E-3
65,590	0,1450E-3
65,837	0,1410E-3
66,084	0,1470E-3
66,328	0,1510E-3
66,574	0,1570E-3
66,819	0,1720E-3
67,065	0,1700E-3
67,311	0,1830E-3
67,558	0,1880E-3
67,804	0,1950E-3
68,050	0,1980E-3
68,296	0,2080E-3
68,541	0,2200E-3
68,787	0,2150E-3
69,032	0,2130E-3
69,278	0,1980E-3
69,524	0,2000E-3
69,770	0,2070E-3
70,017	0,2070E-3
70,263	0,2200E-3
70,507	0,2320E-3
70,754	0,2500E-3
70,998	0,2450E-3
71,245	0,2460E-3
71,491	0,2570E-3
71,737	0,2670E-3
71,983	0,2820E-3
72,228	0,2920E-3
72,476	0,2950E-3
72,720	0,2950E-3
72,965	0,3000E-3
73,211	0,3110E-3
73,457	0,3150E-3
73,703	0,3080E-3
73,949	0,3120E-3
74,196	0,3230E-3
74,441	0,3380E-3
74,687	0,3450E-3
74,933	0,3510E-3
75,178	0,3610E-3
75,424	0,3710E-3
75,670	0,3810E-3
75,916	0,3830E-3
76,161	0,3980E-3
76,409	0,4080E-3
76,653	0,4180E-3
76,899	0,4370E-3
77,144	0,4380E-3
77,392	0,4420E-3
77,636	0,4550E-3
77,883	0,4550E-3
78,129	0,4610E-3
78,374	0,4730E-3
78,620	0,4700E-3
78,866	0,4620E-3
79,111	0,4550E-3
79,357	0,4520E-3
79,603	0,4500E-3
79,849	0,4480E-3
80,095	0,4320E-3
80,340	0,4200E-3
80,586	0,3960E-3
80,833	0,3770E-3
81,079	0,3360E-3
81,325	0,3120E-3
81,571	0,2950E-3
81,816	0,2750E-3
82,062	0,2500E-3
82,307	0,2320E-3
82,553	0,2070E-3
82,799	0,1770E-3
83,046	0,1560E-3
83,291	0,1460E-3
83,537	0,1220E-3
83,783	0,1020E-3
