720,000000
1,000000
-1
0,000	0,050
0,100	0,039
0,200	0,050
0,300	0,050
0,400	0,039
0,500	0,039
0,600	0,039
0,700	0,039
0,800	0,039
0,900	0,050
1,000	0,050
1,100	0,039
1,200	0,039
1,300	0,050
1,400	0,039
1,500	0,050
1,600	0,039
1,700	0,039
1,800	0,039
1,900	0,039
2,000	0,039
2,100	0,039
2,200	0,039
2,300	0,039
2,400	0,050
2,500	0,039
2,600	0,039
2,700	0,039
2,800	0,039
2,900	0,039
3,000	0,039
3,100	0,039
3,200	0,039
3,300	0,039
3,400	0,039
3,500	0,039
3,600	0,039
3,700	0,039
3,800	0,039
3,900	0,039
4,000	0,050
4,100	0,039
4,200	0,039
4,300	0,039
4,400	0,039
4,500	0,039
4,600	0,039
4,700	0,039
4,800	0,039
4,900	0,039
5,000	0,039
5,100	0,039
5,200	0,039
5,300	0,039
5,400	0,039
5,500	0,039
5,600	0,039
5,700	0,039
5,800	0,039
5,900	0,039
6,000	0,039
6,100	0,039
6,200	0,039
6,300	0,039
6,400	0,039
6,500	0,039
6,600	0,039
6,700	0,039
6,800	0,039
6,900	0,039
7,000	0,039
7,100	0,039
7,200	0,039
7,300	0,039
7,400	0,039
7,500	0,039
7,600	0,039
7,700	0,039
7,800	0,039
7,900	0,039
8,000	0,039
8,100	0,039
8,200	0,039
8,300	0,039
8,400	0,039
8,500	0,039
8,600	0,039
8,700	0,039
8,800	0,039
8,900	0,050
9,000	0,039
9,100	0,039
9,200	0,039
9,300	0,039
9,400	0,039
9,500	0,039
9,600	0,039
9,700	0,039
9,800	0,039
9,900	0,039
10,000	0,039
10,100	0,039
10,200	0,039
10,300	0,039
10,400	0,039
10,500	0,039
10,600	0,039
10,700	0,039
10,800	0,039
10,900	0,039
11,000	0,039
11,100	0,039
11,200	0,039
11,300	0,039
11,400	0,039
11,500	0,039
11,600	0,039
11,700	0,039
11,800	0,039
11,900	0,039
12,000	0,039
12,100	0,050
12,200	0,039
12,300	0,039
12,400	0,039
12,500	0,039
12,600	0,039
12,700	0,039
12,800	0,039
12,900	0,039
13,000	0,050
13,100	0,039
13,200	0,039
13,300	0,039
13,400	0,039
13,500	0,039
13,600	0,039
13,700	0,039
13,800	0,039
13,900	0,039
14,000	0,039
14,100	0,039
14,200	0,039
14,300	0,039
14,400	0,039
14,500	0,039
14,600	0,039
14,700	0,039
14,800	0,039
14,900	0,039
15,000	0,039
15,100	0,039
15,200	0,039
15,300	0,039
15,400	0,039
15,500	0,039
15,600	0,039
15,700	0,039
15,800	0,039
15,900	0,039
16,000	0,039
16,100	0,039
16,200	0,039
16,300	0,039
16,400	0,039
16,500	0,039
16,600	0,039
16,700	0,039
16,800	0,039
16,900	0,039
17,000	0,039
17,100	0,039
17,200	0,039
17,300	0,039
17,400	0,039
17,500	0,039
17,600	0,039
17,700	0,039
17,800	0,050
17,900	0,039
18,000	0,039
18,100	0,039
18,200	0,039
18,300	0,039
18,400	0,039
18,500	0,039
18,600	0,039
18,700	0,039
18,800	0,039
18,900	0,039
19,000	0,039
19,100	0,039
19,200	0,039
19,300	0,039
19,400	0,039
19,500	0,039
19,600	0,039
19,700	0,039
19,800	0,039
19,900	0,039
20,000	0,050
20,100	0,039
20,200	0,039
20,300	0,039
20,400	0,039
20,500	0,039
20,600	0,039
20,700	0,039
20,800	0,050
20,900	0,039
21,000	0,039
21,100	0,039
21,200	0,039
21,300	0,039
21,400	0,039
21,500	0,039
21,600	0,039
21,700	0,039
21,800	0,039
21,900	0,039
22,000	0,039
22,100	0,039
22,200	0,039
22,300	0,039
22,400	0,039
22,500	0,039
22,600	0,039
22,700	0,039
22,800	0,039
22,900	0,039
23,000	0,050
23,100	0,039
23,200	0,039
23,300	0,039
23,400	0,039
23,500	0,039
23,600	0,039
23,700	0,039
23,800	0,039
23,900	0,039
24,000	0,039
24,100	0,039
24,200	0,039
24,300	0,039
24,400	0,039
24,500	0,039
24,600	0,039
24,700	0,039
24,800	0,039
24,900	0,039
25,000	0,039
25,100	0,039
25,200	0,039
25,300	0,039
25,400	0,050
25,500	0,039
25,600	0,039
25,700	0,050
25,800	0,050
25,900	0,039
26,000	0,039
26,100	0,039
26,200	0,039
26,300	0,039
26,400	0,039
26,500	0,039
26,600	0,039
26,700	0,039
26,800	0,039
26,900	0,039
27,000	0,039
27,100	0,039
27,200	0,039
27,300	0,039
27,400	0,039
27,500	0,039
27,600	0,039
27,700	0,039
27,800	0,039
27,900	0,039
28,000	0,039
28,100	0,039
28,200	0,050
28,300	0,039
28,400	0,039
28,500	0,039
28,600	0,039
28,700	0,039
28,800	0,039
28,900	0,039
29,000	0,039
29,100	0,039
29,200	0,039
29,300	0,039
29,400	0,039
29,500	0,039
29,600	0,039
29,700	0,039
29,800	0,039
29,900	0,039
30,000	0,039
30,100	0,039
30,200	0,039
30,300	0,039
30,400	0,039
30,500	0,039
30,600	0,039
30,700	0,039
30,800	0,039
30,900	0,039
31,000	0,039
31,100	0,039
31,200	0,039
31,300	0,039
31,400	0,039
31,500	0,039
31,600	0,039
31,700	0,039
31,800	0,039
31,900	0,039
32,000	0,039
32,100	0,039
32,200	0,039
32,300	0,039
32,400	0,039
32,500	0,039
32,600	0,039
32,700	0,039
32,800	0,039
32,900	0,039
33,000	0,039
33,100	0,039
33,200	0,039
33,300	0,039
33,400	0,039
33,500	0,039
33,600	0,039
33,700	0,039
33,800	0,039
33,900	0,039
34,000	0,039
34,100	0,039
34,200	0,039
34,300	0,039
34,400	0,050
34,500	0,039
34,600	0,039
34,700	0,050
34,800	0,039
34,900	0,039
35,000	0,039
35,100	0,039
35,200	0,039
35,300	0,039
35,400	0,039
35,500	0,039
35,600	0,039
35,700	0,039
35,800	0,039
35,900	0,039
36,000	0,039
36,100	0,039
36,200	0,039
36,300	0,039
36,400	0,039
36,500	0,039
36,600	0,039
36,700	0,039
36,800	0,039
36,900	0,039
37,000	0,039
37,100	0,039
37,200	0,039
37,300	0,039
37,400	0,039
37,500	0,039
37,600	0,039
37,700	0,039
37,800	0,039
37,900	0,039
38,000	0,039
38,100	0,039
38,200	0,050
38,300	0,039
38,400	0,039
38,500	0,039
38,600	0,039
38,700	0,039
38,800	0,039
38,900	0,039
39,000	0,039
39,100	0,039
39,200	0,039
39,300	0,039
39,400	0,039
39,500	0,039
39,600	0,039
39,700	0,039
39,800	0,039
39,900	0,039
40,000	0,039
40,100	0,039
40,200	0,039
40,300	0,039
40,400	0,039
40,500	0,039
40,600	0,039
40,700	0,039
40,800	0,039
40,900	0,039
41,000	0,039
41,100	0,039
41,200	0,039
41,300	0,039
41,400	0,039
41,500	0,039
41,600	0,039
41,700	0,039
41,800	0,039
41,900	0,039
42,000	0,039
42,100	0,039
42,200	0,039
42,300	0,039
42,400	0,039
42,500	0,039
42,600	0,039
42,700	0,039
42,800	0,039
42,900	0,050
43,000	0,050
43,100	0,039
43,200	0,039
43,300	0,039
43,400	0,039
43,500	0,039
43,600	0,039
43,700	0,039
43,800	0,050
43,900	0,050
44,000	0,039
44,100	0,039
44,200	0,039
44,300	0,039
44,400	0,039
44,500	0,039
44,600	0,039
44,700	0,050
44,800	0,039
44,900	0,039
45,000	0,039
45,100	0,039
45,200	0,039
45,300	0,039
45,400	0,039
45,500	0,039
45,600	0,039
45,700	0,039
45,800	0,039
45,900	0,039
46,000	0,039
46,100	0,039
46,200	0,039
46,300	0,039
46,400	0,039
46,500	0,039
46,600	0,039
46,700	0,039
46,800	0,039
46,900	0,039
47,000	0,039
47,100	0,039
47,200	0,039
47,300	0,039
47,400	0,039
47,500	0,039
47,600	0,039
47,700	0,039
47,800	0,039
47,900	0,039
48,000	0,039
48,100	0,039
48,200	0,039
48,300	0,039
48,400	0,039
48,500	0,039
48,600	0,050
48,700	0,039
48,800	0,050
48,900	0,050
49,000	0,039
49,100	0,039
49,200	0,039
49,300	0,039
49,400	0,039
49,500	0,039
49,600	0,039
49,700	0,039
49,800	0,039
49,900	0,039
50,000	0,039
50,100	0,050
50,200	0,050
50,300	0,039
50,400	0,039
50,500	0,039
50,600	0,039
50,700	0,039
50,800	0,039
50,900	0,039
51,000	0,039
51,100	0,050
51,200	0,039
51,300	0,050
51,400	0,039
51,500	0,039
51,600	0,039
51,700	0,039
51,800	0,050
51,900	0,039
52,000	0,039
52,100	0,039
52,200	0,039
52,300	0,050
52,400	0,039
52,500	0,039
52,600	0,039
52,700	0,039
52,800	0,039
52,900	0,039
53,000	0,039
53,100	0,039
53,200	0,039
53,300	0,039
53,400	0,039
53,500	0,039
53,600	0,039
53,700	0,039
53,800	0,039
53,900	0,039
54,000	0,039
54,100	0,039
54,200	0,039
54,300	0,039
54,400	0,039
54,500	0,039
54,600	0,039
54,700	0,050
54,800	0,039
54,900	0,050
55,000	0,039
55,100	0,039
55,200	0,039
55,300	0,039
55,400	0,039
55,500	0,039
55,600	0,039
55,700	0,039
55,800	0,039
55,900	0,039
56,000	0,039
56,100	0,039
56,200	0,039
56,300	0,039
56,400	0,039
56,500	0,039
56,600	0,039
56,700	0,039
56,800	0,039
56,900	0,039
57,000	0,039
57,100	0,039
57,200	0,039
57,300	0,039
57,400	0,039
57,500	0,039
57,600	0,039
57,700	0,039
57,800	0,039
57,900	0,039
58,000	0,039
58,100	0,039
58,200	0,039
58,300	0,039
58,400	0,039
58,500	0,039
58,600	0,039
58,700	0,039
58,800	0,039
58,900	0,039
59,000	0,039
59,100	0,039
59,200	0,039
59,300	0,039
59,400	0,039
59,500	0,039
59,600	0,050
59,700	0,039
59,800	0,039
59,900	0,039
60,000	0,039
60,100	0,039
60,200	0,039
60,300	0,039
60,400	0,039
60,500	0,039
60,600	0,050
60,700	0,039
60,800	0,039
60,900	0,039
61,000	0,039
61,100	0,039
61,200	0,039
61,300	0,039
61,400	0,039
61,500	0,039
61,600	0,039
61,700	0,039
61,800	0,039
61,900	0,039
62,000	0,039
62,100	0,050
62,200	0,050
62,300	0,039
62,400	0,039
62,500	0,039
62,600	0,039
62,700	0,039
62,800	0,039
62,900	0,039
63,000	0,039
63,100	0,039
63,200	0,039
63,300	0,039
63,400	0,039
63,500	0,039
63,600	0,039
63,700	0,039
63,800	0,039
63,900	0,039
64,000	0,039
64,100	0,039
64,200	0,039
64,300	0,039
64,400	0,039
64,500	0,039
64,600	0,039
64,700	0,039
64,800	0,039
64,900	0,050
65,000	0,039
65,100	0,050
65,200	0,039
65,300	0,039
65,400	0,050
65,500	0,039
65,600	0,039
65,700	0,039
65,800	0,039
65,900	0,039
66,000	0,039
66,100	0,039
66,200	0,050
66,300	0,039
66,400	0,039
66,500	0,050
66,600	0,039
66,700	0,039
66,800	0,039
66,900	0,050
67,000	0,050
67,100	0,039
67,200	0,039
67,300	0,039
67,400	0,039
67,500	0,039
67,600	0,039
67,700	0,039
67,800	0,039
67,900	0,039
68,000	0,039
68,100	0,039
68,200	0,039
68,300	0,039
68,400	0,039
68,500	0,039
68,600	0,039
68,700	0,039
68,800	0,039
68,900	0,039
69,000	0,039
69,100	0,039
69,200	0,039
69,300	0,039
69,400	0,050
69,500	0,039
69,600	0,039
69,700	0,039
69,800	0,039
69,900	0,039
70,000	0,039
70,100	0,039
70,200	0,039
70,300	0,039
70,400	0,039
70,500	0,039
70,600	0,039
70,700	0,050
70,800	0,050
70,900	0,050
71,000	0,039
71,100	0,039
71,200	0,039
71,300	0,039
71,400	0,039
71,500	0,039
71,600	0,039
71,700	0,039
71,800	0,039
71,900	0,039
72,000	0,039
72,100	0,039
72,200	0,039
72,300	0,039
72,400	0,039
72,500	0,039
72,600	0,039
72,700	0,039
72,800	0,039
72,900	0,039
73,000	0,039
73,100	0,039
73,200	0,039
73,300	0,039
73,400	0,039
73,500	0,039
73,600	0,039
73,700	0,039
73,800	0,039
73,900	0,039
74,000	0,039
74,100	0,039
74,200	0,039
74,300	0,039
74,400	0,039
74,500	0,039
74,600	0,039
74,700	0,039
74,800	0,050
74,900	0,039
75,000	0,039
75,100	0,039
75,200	0,039
75,300	0,039
75,400	0,039
75,500	0,039
75,600	0,039
75,700	0,039
75,800	0,039
75,900	0,039
76,000	0,039
76,100	0,039
76,200	0,039
76,300	0,039
76,400	0,039
76,500	0,039
76,600	0,039
76,700	0,039
76,800	0,039
76,900	0,039
77,000	0,039
77,100	0,039
77,200	0,039
77,300	0,039
77,400	0,039
77,500	0,039
77,600	0,039
77,700	0,039
77,800	0,039
77,900	0,039
78,000	0,039
78,100	0,039
78,200	0,039
78,300	0,039
78,400	0,039
78,500	0,039
78,600	0,039
78,700	0,039
78,800	0,039
78,900	0,039
79,000	0,039
79,100	0,039
79,200	0,039
79,300	0,039
79,400	0,039
79,500	0,039
79,600	0,039
79,700	0,039
79,800	0,039
79,900	0,039
80,000	0,039
80,100	0,039
80,200	0,039
80,300	0,039
80,400	0,039
80,500	0,039
80,600	0,039
80,700	0,039
80,800	0,039
80,900	0,039
81,000	0,039
81,100	0,039
81,200	0,039
81,300	0,039
81,400	0,039
81,500	0,039
81,600	0,039
81,700	0,039
81,800	0,039
81,900	0,039
82,000	0,039
82,100	0,039
82,200	0,039
82,300	0,039
82,400	0,039
82,500	0,039
82,600	0,039
82,700	0,039
82,800	0,039
82,900	0,039
83,000	0,039
83,100	0,039
83,200	0,039
83,300	0,039
83,400	0,039
83,500	0,039
83,600	0,039
83,700	0,039
83,800	0,039
83,900	0,039
84,000	0,039
84,100	0,039
84,200	0,039
84,300	0,039
84,400	0,039
84,500	0,039
84,600	0,039
84,700	0,039
84,800	0,039
84,900	0,039
85,000	0,039
85,100	0,039
85,200	0,039
85,300	0,039
85,400	0,039
85,500	0,039
85,600	0,039
85,700	0,039
85,800	0,039
85,900	0,039
86,000	0,039
86,100	0,039
86,200	0,039
86,300	0,039
86,400	0,039
86,500	0,039
86,600	0,039
86,700	0,039
86,800	0,039
86,900	0,039
87,000	0,039
87,100	0,039
87,200	0,039
87,300	0,039
87,400	0,039
87,500	0,039
87,600	0,039
87,700	0,029
87,800	0,009
87,900	-0,001
88,000	-0,022
88,100	-0,032
88,200	-0,042
88,300	-0,042
88,400	-0,053
88,500	-0,063
88,600	-0,063
88,700	-0,063
88,800	-0,053
88,900	-0,032
89,000	-0,022
89,100	-0,022
89,200	-0,022
89,300	-0,012
89,400	-0,012
89,500	-0,022
89,600	-0,022
89,700	-0,022
89,800	-0,022
89,900	-0,022
90,000	-0,012
90,100	-0,001
90,200	0,009
90,300	0,019
90,400	0,019
90,500	0,029
90,600	0,029
90,700	0,039
90,800	0,039
90,900	0,039
91,000	0,039
91,100	0,039
91,200	0,039
91,300	0,039
91,400	0,039
91,500	0,039
91,600	0,039
91,700	0,039
91,800	0,039
91,900	0,039
92,000	0,039
92,100	0,039
92,200	0,039
92,300	0,039
92,400	0,039
92,500	0,039
92,600	0,039
92,700	0,039
92,800	0,039
92,900	0,039
93,000	0,039
93,100	0,039
93,200	0,039
93,300	0,039
93,400	0,039
93,500	0,039
93,600	0,039
93,700	0,039
93,800	0,039
93,900	0,039
94,000	0,039
94,100	0,039
94,200	0,039
94,300	0,039
94,400	0,039
94,500	0,039
94,600	0,039
94,700	0,039
94,800	0,039
94,900	0,039
95,000	0,039
95,100	0,039
95,200	0,039
95,300	0,039
95,400	0,039
95,500	0,039
95,600	0,039
95,700	0,039
95,800	0,039
95,900	0,039
96,000	0,039
96,100	0,039
96,200	0,039
96,300	0,039
96,400	0,039
96,500	0,039
96,600	0,050
96,700	0,039
96,800	0,039
96,900	0,039
97,000	0,039
97,100	0,039
97,200	0,039
97,300	0,039
97,400	0,039
97,500	0,039
97,600	0,039
97,700	0,039
97,800	0,039
97,900	0,039
98,000	0,039
98,100	0,039
98,200	0,039
98,300	0,039
98,400	0,039
98,500	0,039
98,600	0,039
98,700	0,039
98,800	0,039
98,900	0,039
99,000	0,039
99,100	0,039
99,200	0,039
99,300	0,039
99,400	0,039
99,500	0,039
99,600	0,039
99,700	0,039
99,800	0,039
99,900	0,039
100,000	0,039
100,100	0,039
100,200	0,039
100,300	0,039
100,400	0,039
100,500	0,039
100,600	0,039
100,700	0,039
100,800	0,039
100,900	0,039
101,000	0,039
101,100	0,039
101,200	0,039
101,300	0,039
101,400	0,039
101,500	0,039
101,600	0,039
101,700	0,039
101,800	0,039
101,900	0,039
102,000	0,039
102,100	0,039
102,200	0,039
102,300	0,039
102,400	0,039
102,500	0,039
102,600	0,039
102,700	0,039
102,800	0,039
102,900	0,039
103,000	0,039
103,100	0,039
103,200	0,039
103,300	0,039
103,400	0,039
103,500	0,050
103,600	0,039
103,700	0,039
103,800	0,039
103,900	0,050
104,000	0,039
104,100	0,039
104,200	0,039
104,300	0,039
104,400	0,039
104,500	0,039
104,600	0,039
104,700	0,039
104,800	0,039
104,900	0,039
105,000	0,050
105,100	0,039
105,200	0,039
105,300	0,039
105,400	0,039
105,500	0,039
105,600	0,039
105,700	0,039
105,800	0,039
105,900	0,039
106,000	0,039
106,100	0,039
106,200	0,039
106,300	0,039
106,400	0,039
106,500	0,050
106,600	0,039
106,700	0,039
106,800	0,039
106,900	0,050
107,000	0,039
107,100	0,039
107,200	0,039
107,300	0,039
107,400	0,039
107,500	0,039
107,600	0,039
107,700	0,039
107,800	0,039
107,900	0,039
108,000	0,039
108,100	0,039
108,200	0,039
108,300	0,039
108,400	0,039
108,500	0,039
108,600	0,039
108,700	0,039
108,800	0,039
108,900	0,039
109,000	0,050
109,100	0,039
109,200	0,039
109,300	0,039
109,400	0,039
109,500	0,039
109,600	0,039
109,700	0,039
109,800	0,039
109,900	0,039
110,000	0,039
110,100	0,039
110,200	0,039
110,300	0,039
110,400	0,029
110,500	0,039
110,600	0,029
110,700	0,029
110,800	0,029
110,900	0,039
111,000	0,039
111,100	0,029
111,200	0,039
111,300	0,039
111,400	0,039
111,500	0,039
111,600	0,039
111,700	0,039
111,800	0,039
111,900	0,039
112,000	0,039
112,100	0,039
112,200	0,039
112,300	0,039
112,400	0,050
112,500	0,039
112,600	0,039
112,700	0,039
112,800	0,039
112,900	0,039
113,000	0,039
113,100	0,039
113,200	0,039
113,300	0,039
113,400	0,050
113,500	0,039
113,600	0,039
113,700	0,050
113,800	0,039
113,900	0,039
114,000	0,039
114,100	0,039
114,200	0,039
114,300	0,050
114,400	0,039
114,500	0,039
114,600	0,039
114,700	0,039
114,800	0,039
114,900	0,039
115,000	0,039
115,100	0,039
115,200	0,039
115,300	0,039
115,400	0,039
115,500	0,039
115,600	0,039
115,700	0,039
115,800	0,039
115,900	0,039
116,000	0,039
116,100	0,039
116,200	0,039
116,300	0,039
116,400	0,039
116,500	0,039
116,600	0,039
116,700	0,039
116,800	0,050
116,900	0,039
117,000	0,039
117,100	0,039
117,200	0,039
117,300	0,039
117,400	0,039
117,500	0,039
117,600	0,039
117,700	0,039
117,800	0,039
117,900	0,039
118,000	0,039
118,100	0,039
118,200	0,039
118,300	0,039
118,400	0,039
118,500	0,039
118,600	0,039
118,700	0,039
118,800	0,050
118,900	0,039
119,000	0,039
119,100	0,039
119,200	0,039
119,300	0,039
119,400	0,039
119,500	0,039
119,600	0,039
119,700	0,039
119,800	0,039
119,900	0,039
120,000	0,039
120,100	0,039
120,200	0,039
120,300	0,039
120,400	0,039
120,500	0,039
120,600	0,039
120,700	0,029
120,800	0,029
120,900	0,019
121,000	0,009
121,100	0,009
121,200	0,009
121,300	-0,001
121,400	-0,001
121,500	-0,001
121,600	-0,012
121,700	-0,001
121,800	-0,001
121,900	0,009
122,000	0,009
122,100	0,019
122,200	0,029
122,300	0,039
122,400	0,039
122,500	0,039
122,600	0,039
122,700	0,039
122,800	0,039
122,900	0,039
123,000	0,039
123,100	0,039
123,200	0,039
123,300	0,039
123,400	0,039
123,500	0,039
123,600	0,050
123,700	0,039
123,800	0,039
123,900	0,039
124,000	0,039
124,100	0,039
124,200	0,039
124,300	0,039
124,400	0,039
124,500	0,039
124,600	0,039
124,700	0,039
124,800	0,039
124,900	0,039
125,000	0,039
125,100	0,039
125,200	0,039
125,300	0,039
125,400	0,039
125,500	0,039
125,600	0,039
125,700	0,039
125,800	0,039
125,900	0,039
126,000	0,039
126,100	0,039
126,200	0,039
126,300	0,039
126,400	0,039
126,500	0,039
126,600	0,039
126,700	0,039
126,800	0,039
126,900	0,039
127,000	0,039
127,100	0,039
127,200	0,039
127,300	0,039
127,400	0,039
127,500	0,039
127,600	0,039
127,700	0,039
127,800	0,039
127,900	0,039
128,000	0,039
128,100	0,039
128,200	0,039
128,300	0,039
128,400	0,039
128,500	0,039
128,600	0,039
128,700	0,039
128,800	0,039
128,900	0,039
129,000	0,039
129,100	0,039
129,200	0,039
129,300	0,039
129,400	0,039
129,500	0,039
129,600	0,039
129,700	0,039
129,800	0,039
129,900	0,039
130,000	0,039
130,100	0,039
130,200	0,039
130,300	0,039
130,400	0,039
130,500	0,039
130,600	0,039
130,700	0,039
130,800	0,039
130,900	0,039
131,000	0,039
131,100	0,039
131,200	0,039
131,300	0,039
131,400	0,039
131,500	0,039
131,600	0,039
131,700	0,039
131,800	0,039
131,900	0,039
132,000	0,039
132,100	0,039
132,200	0,039
132,300	0,039
132,400	0,039
132,500	0,039
132,600	0,039
132,700	0,039
132,800	0,039
132,900	0,039
133,000	0,039
133,100	0,039
133,200	0,039
133,300	0,039
133,400	0,039
133,500	0,039
133,600	0,039
133,700	0,039
133,800	0,039
133,900	0,039
134,000	0,039
134,100	0,039
134,200	0,039
134,300	0,039
134,400	0,039
134,500	0,039
134,600	0,039
134,700	0,039
134,800	0,039
134,900	0,039
135,000	0,039
135,100	0,039
135,200	0,029
135,300	0,019
135,400	0,009
135,500	-0,001
135,600	-0,001
135,700	-0,012
135,800	-0,022
135,900	-0,022
136,000	-0,022
136,100	-0,022
136,200	-0,022
136,300	-0,012
136,400	-0,001
136,500	0,019
136,600	0,019
136,700	0,029
136,800	0,029
136,900	0,039
137,000	0,039
137,100	0,039
137,200	0,039
137,300	0,019
137,400	0,019
137,500	0,009
137,600	0,009
137,700	-0,001
137,800	-0,001
137,900	-0,001
138,000	-0,012
138,100	-0,022
138,200	-0,022
138,300	-0,022
138,400	-0,012
138,500	-0,001
138,600	0,019
138,700	0,019
138,800	0,029
138,900	0,029
139,000	0,039
139,100	0,039
139,200	0,039
139,300	0,039
139,400	0,039
139,500	0,039
139,600	0,039
139,700	0,039
139,800	0,039
139,900	0,039
140,000	0,039
140,100	0,039
140,200	0,039
140,300	0,039
140,400	0,039
140,500	0,039
140,600	0,039
140,700	0,039
140,800	0,039
140,900	0,039
141,000	0,039
141,100	0,039
141,200	0,039
141,300	0,039
141,400	0,039
141,500	0,039
141,600	0,039
141,700	0,039
141,800	0,039
141,900	0,039
142,000	0,039
142,100	0,039
142,200	0,039
142,300	0,039
142,400	0,039
142,500	0,039
142,600	0,039
142,700	0,039
142,800	0,039
142,900	0,039
143,000	0,039
143,100	0,039
143,200	0,039
143,300	0,039
143,400	0,039
143,500	0,039
143,600	0,039
143,700	0,039
143,800	0,039
143,900	0,039
144,000	0,039
144,100	0,039
144,200	0,039
144,300	0,039
144,400	0,039
144,500	0,039
144,600	0,039
144,700	0,039
144,800	0,039
144,900	0,039
145,000	0,039
145,100	0,039
145,200	0,039
145,300	0,039
145,400	0,039
145,500	0,039
145,600	0,039
145,700	0,039
145,800	0,039
145,900	0,039
146,000	0,039
146,100	0,039
146,200	0,039
146,300	0,039
146,400	0,039
146,500	0,039
146,600	0,039
146,700	0,039
146,800	0,039
146,900	0,039
147,000	0,039
147,100	0,039
147,200	0,039
147,300	0,039
147,400	0,039
147,500	0,039
147,600	0,039
147,700	0,039
147,800	0,039
147,900	0,039
148,000	0,039
148,100	0,039
148,200	0,039
148,300	0,039
148,400	0,039
148,500	0,039
148,600	0,039
148,700	0,050
148,800	0,039
148,900	0,039
149,000	0,039
149,100	0,039
149,200	0,039
149,300	0,039
149,400	0,039
149,500	0,039
149,600	0,039
149,700	0,039
149,800	0,039
149,900	0,039
150,000	0,039
150,100	0,039
150,200	0,039
150,300	0,039
150,400	0,039
150,500	0,039
150,600	0,039
150,700	0,039
150,800	0,039
150,900	0,039
151,000	0,039
151,100	0,039
151,200	0,050
151,300	0,039
151,400	0,039
151,500	0,039
151,600	0,039
151,700	0,039
151,800	0,039
151,900	0,039
152,000	0,039
152,100	0,039
152,200	0,039
152,300	0,039
152,400	0,039
152,500	0,039
152,600	0,039
152,700	0,039
152,800	0,039
152,900	0,039
153,000	0,039
153,100	0,039
153,200	0,039
153,300	0,039
153,400	0,039
153,500	0,039
153,600	0,039
153,700	0,039
153,800	0,050
153,900	0,039
154,000	0,039
154,100	0,039
154,200	0,039
154,300	0,039
154,400	0,039
154,500	0,039
154,600	0,039
154,700	0,039
154,800	0,039
154,900	0,039
155,000	0,039
155,100	0,039
155,200	0,039
155,300	0,039
155,400	0,039
155,500	0,039
155,600	0,039
155,700	0,039
155,800	0,050
155,900	0,039
156,000	0,039
156,100	0,039
156,200	0,039
156,300	0,039
156,400	0,039
156,500	0,039
156,600	0,039
156,700	0,039
156,800	0,039
156,900	0,039
157,000	0,039
157,100	0,039
157,200	0,039
157,300	0,039
157,400	0,039
157,500	0,039
157,600	0,039
157,700	0,039
157,800	0,039
157,900	0,039
158,000	0,050
158,100	0,039
158,200	0,039
158,300	0,039
158,400	0,039
158,500	0,039
158,600	0,039
158,700	0,039
158,800	0,039
158,900	0,039
159,000	0,039
159,100	0,039
159,200	0,039
159,300	0,039
159,400	0,039
159,500	0,039
159,600	0,039
159,700	0,039
159,800	0,039
159,900	0,039
160,000	0,039
160,100	0,039
160,200	0,039
160,300	0,039
160,400	0,039
160,500	0,039
160,600	0,039
160,700	0,039
160,800	0,039
160,900	0,039
161,000	0,039
161,100	0,039
161,200	0,039
161,300	0,039
161,400	0,039
161,500	0,039
161,600	0,039
161,700	0,039
161,800	0,039
161,900	0,039
162,000	0,039
162,100	0,039
162,200	0,039
162,300	0,039
162,400	0,039
162,500	0,039
162,600	0,039
162,700	0,039
162,800	0,039
162,900	0,039
163,000	0,039
163,100	0,039
163,200	0,039
163,300	0,039
163,400	0,039
163,500	0,039
163,600	0,039
163,700	0,039
163,800	0,039
163,900	0,039
164,000	0,039
164,100	0,039
164,200	0,039
164,300	0,039
164,400	0,039
164,500	0,039
164,600	0,039
164,700	0,039
164,800	0,039
164,900	0,039
165,000	0,039
165,100	0,039
165,200	0,039
165,300	0,039
165,400	0,039
165,500	0,039
165,600	0,039
165,700	0,039
165,800	0,039
165,900	0,039
166,000	0,039
166,100	0,039
166,200	0,039
166,300	0,039
166,400	0,039
166,500	0,039
166,600	0,039
166,700	0,039
166,800	0,039
166,900	0,039
167,000	0,039
167,100	0,039
167,200	0,039
167,300	0,039
167,400	0,039
167,500	0,039
167,600	0,039
167,700	0,039
167,800	0,039
167,900	0,039
168,000	0,039
168,100	0,019
168,200	-0,022
168,300	-0,104
168,400	-0,206
168,500	-0,287
168,600	-0,338
168,700	-0,379
168,800	-0,420
168,900	-0,471
169,000	-0,522
169,100	-0,563
169,200	-0,573
169,300	-0,552
169,400	-0,501
169,500	-0,399
169,600	-0,308
169,700	-0,206
169,800	-0,124
169,900	-0,063
170,000	-0,022
170,100	-0,001
170,200	0,019
170,300	0,019
170,400	0,019
170,500	0,029
170,600	0,029
170,700	0,029
170,800	0,039
170,900	0,039
171,000	0,039
171,100	0,039
171,200	0,039
171,300	0,039
171,400	0,039
171,500	0,039
171,600	0,039
171,700	0,039
171,800	0,039
171,900	0,039
172,000	0,039
172,100	0,039
172,200	0,039
172,300	0,039
172,400	0,039
172,500	0,039
172,600	0,039
172,700	0,039
172,800	0,039
172,900	0,039
173,000	0,039
173,100	0,039
173,200	0,039
173,300	0,039
173,400	0,039
173,500	0,039
173,600	0,039
173,700	0,039
173,800	0,039
173,900	0,039
174,000	0,039
174,100	0,039
174,200	0,039
174,300	0,039
174,400	0,039
174,500	0,039
174,600	0,039
174,700	0,039
174,800	0,039
174,900	0,039
175,000	0,039
175,100	0,039
175,200	0,039
175,300	0,039
175,400	0,039
175,500	0,039
175,600	0,039
175,700	0,039
175,800	0,039
175,900	0,039
176,000	0,039
176,100	0,039
176,200	0,039
176,300	0,039
176,400	0,039
176,500	0,039
176,600	0,039
176,700	0,039
176,800	0,050
176,900	0,039
177,000	0,039
177,100	0,039
177,200	0,039
177,300	0,039
177,400	0,050
177,500	0,039
177,600	0,039
177,700	0,039
177,800	0,039
177,900	0,039
178,000	0,039
178,100	0,039
178,200	0,039
178,300	0,039
178,400	0,039
178,500	0,039
178,600	0,039
178,700	0,039
178,800	0,039
178,900	0,039
179,000	0,039
179,100	0,039
179,200	0,039
179,300	0,039
179,400	0,039
179,500	0,050
179,600	0,039
179,700	0,039
179,800	0,039
179,900	0,039
180,000	0,039
180,100	0,039
180,200	0,039
180,300	0,039
180,400	0,039
180,500	0,039
180,600	0,039
180,700	0,039
180,800	0,039
180,900	0,039
181,000	0,039
181,100	0,039
181,200	0,039
181,300	0,039
181,400	0,039
181,500	0,039
181,600	0,039
181,700	0,039
181,800	0,039
181,900	0,039
182,000	0,039
182,100	0,039
182,200	0,039
182,300	0,039
182,400	0,039
182,500	0,039
182,600	0,039
182,700	0,039
182,800	0,039
182,900	0,039
183,000	0,039
183,100	0,039
183,200	0,039
183,300	0,039
183,400	0,039
183,500	0,039
183,600	0,039
183,700	0,039
183,800	0,039
183,900	0,039
184,000	0,039
184,100	0,039
184,200	0,039
184,300	0,039
184,400	0,039
184,500	0,039
184,600	0,039
184,700	0,039
184,800	0,039
184,900	0,039
185,000	0,039
185,100	0,039
185,200	0,039
185,300	0,039
185,400	0,039
185,500	0,039
185,600	0,039
185,700	0,039
185,800	0,039
185,900	0,039
186,000	0,039
186,100	0,039
186,200	0,039
186,300	0,039
186,400	0,039
186,500	0,039
186,600	0,039
186,700	0,039
186,800	0,039
186,900	0,039
187,000	0,039
187,100	0,039
187,200	0,039
187,300	0,039
187,400	0,050
187,500	0,039
187,600	0,039
187,700	0,039
187,800	0,039
187,900	0,039
188,000	0,039
188,100	0,039
188,200	0,039
188,300	0,039
188,400	0,039
188,500	0,039
188,600	0,039
188,700	0,039
188,800	0,039
188,900	0,039
189,000	0,039
189,100	0,039
189,200	0,039
189,300	0,050
189,400	0,039
189,500	0,039
189,600	0,039
189,700	0,039
189,800	0,039
189,900	0,039
190,000	0,039
190,100	0,039
190,200	0,039
190,300	0,039
190,400	0,039
190,500	0,039
190,600	0,039
190,700	0,039
190,800	0,039
190,900	0,039
191,000	0,039
191,100	0,039
191,200	0,039
191,300	0,039
191,400	0,039
191,500	0,039
191,600	0,039
191,700	0,039
191,800	0,039
191,900	0,039
192,000	0,039
192,100	0,039
192,200	0,039
192,300	0,039
192,400	0,039
192,500	0,039
192,600	0,039
192,700	0,039
192,800	0,039
192,900	0,039
193,000	0,039
193,100	0,039
193,200	0,039
193,300	0,039
193,400	0,039
193,500	0,039
193,600	0,039
193,700	0,039
193,800	0,039
193,900	0,039
194,000	0,039
194,100	0,039
194,200	0,039
194,300	0,039
194,400	0,039
194,500	0,039
194,600	0,039
194,700	0,039
194,800	0,039
194,900	0,039
195,000	0,039
195,100	0,039
195,200	0,039
195,300	0,039
195,400	0,039
195,500	0,039
195,600	0,039
195,700	0,039
195,800	0,039
195,900	0,039
196,000	0,039
196,100	0,039
196,200	0,039
196,300	0,039
196,400	0,039
196,500	0,039
196,600	0,039
196,700	0,039
196,800	0,039
196,900	0,039
197,000	0,039
197,100	0,039
197,200	0,039
197,300	0,039
197,400	0,039
197,500	0,039
197,600	0,039
197,700	0,039
197,800	0,039
197,900	0,039
198,000	0,039
198,100	0,039
198,200	0,039
198,300	0,029
198,400	0,039
198,500	0,039
198,600	0,029
198,700	0,029
198,800	0,039
198,900	0,039
199,000	0,029
199,100	0,039
199,200	0,029
199,300	0,039
199,400	0,039
199,500	0,039
199,600	0,039
199,700	0,039
199,800	0,039
199,900	0,039
200,000	0,029
200,100	0,039
200,200	0,039
200,300	0,039
200,400	0,039
200,500	0,039
200,600	0,039
200,700	0,039
200,800	0,039
200,900	0,039
201,000	0,039
201,100	0,039
201,200	0,039
201,300	0,029
201,400	0,039
201,500	0,039
201,600	0,039
201,700	0,039
201,800	0,029
201,900	0,039
202,000	0,039
202,100	0,039
202,200	0,039
202,300	0,039
202,400	0,039
202,500	0,039
202,600	0,039
202,700	0,039
202,800	0,029
202,900	0,029
203,000	0,029
203,100	0,029
203,200	0,029
203,300	0,029
203,400	0,029
203,500	0,029
203,600	0,029
203,700	0,029
203,800	0,039
203,900	0,029
204,000	0,029
204,100	0,029
204,200	0,029
204,300	0,029
204,400	0,029
204,500	0,029
204,600	0,029
204,700	0,029
204,800	0,029
204,900	0,029
205,000	0,029
205,100	0,029
205,200	0,029
205,300	0,019
205,400	0,029
205,500	0,029
205,600	0,019
205,700	0,019
205,800	0,019
205,900	0,019
206,000	0,019
206,100	0,019
206,200	0,019
206,300	0,019
206,400	0,009
206,500	0,009
206,600	0,009
206,700	0,009
206,800	-0,001
206,900	-0,012
207,000	-0,063
207,100	-0,226
207,200	-0,512
207,300	-0,859
207,400	-1,175
207,500	-1,450
207,600	-1,665
207,700	-1,879
207,800	-2,165
207,900	-2,481
208,000	-2,746
208,100	-2,869
208,200	-2,807
208,300	-2,573
208,400	-2,175
208,500	-1,685
208,600	-1,226
208,700	-0,838
208,800	-0,552
208,900	-0,348
209,000	-0,206
209,100	-0,114
209,200	-0,063
209,300	-0,042
209,400	-0,022
209,500	-0,012
209,600	-0,001
209,700	0,009
209,800	0,009
209,900	0,009
210,000	0,019
210,100	0,019
210,200	0,019
210,300	0,019
210,400	0,019
210,500	0,019
210,600	0,019
210,700	0,019
210,800	0,029
210,900	0,019
211,000	0,029
211,100	0,029
211,200	0,029
211,300	0,029
211,400	0,029
211,500	0,039
211,600	0,029
211,700	0,039
211,800	0,039
211,900	0,029
212,000	0,039
212,100	0,039
212,200	0,039
212,300	0,039
212,400	0,039
212,500	0,039
212,600	0,039
212,700	0,039
212,800	0,039
212,900	0,039
213,000	0,039
213,100	0,039
213,200	0,039
213,300	0,039
213,400	0,039
213,500	0,039
213,600	0,039
213,700	0,039
213,800	0,039
213,900	0,039
214,000	0,039
214,100	0,039
214,200	0,039
214,300	0,039
214,400	0,039
214,500	0,039
214,600	0,039
214,700	0,039
214,800	0,039
214,900	0,039
215,000	0,039
215,100	0,039
215,200	0,039
215,300	0,039
215,400	0,039
215,500	0,039
215,600	0,039
215,700	0,039
215,800	0,039
215,900	0,039
216,000	0,039
216,100	0,039
216,200	0,039
216,300	0,039
216,400	0,039
216,500	0,039
216,600	0,039
216,700	0,039
216,800	0,039
216,900	0,050
217,000	0,039
217,100	0,039
217,200	0,039
217,300	0,039
217,400	0,039
217,500	0,039
217,600	0,039
217,700	0,039
217,800	0,039
217,900	0,039
218,000	0,039
218,100	0,039
218,200	0,039
218,300	0,039
218,400	0,039
218,500	0,039
218,600	0,039
218,700	0,039
218,800	0,039
218,900	0,039
219,000	0,039
219,100	0,039
219,200	0,039
219,300	0,039
219,400	0,039
219,500	0,039
219,600	0,039
219,700	0,039
219,800	0,039
219,900	0,039
220,000	0,039
220,100	0,039
220,200	0,039
220,300	0,039
220,400	0,039
220,500	0,039
220,600	0,039
220,700	0,039
220,800	0,050
220,900	0,039
221,000	0,039
221,100	0,039
221,200	0,039
221,300	0,039
221,400	0,050
221,500	0,039
221,600	0,039
221,700	0,039
221,800	0,039
221,900	0,039
222,000	0,039
222,100	0,039
222,200	0,039
222,300	0,039
222,400	0,039
222,500	0,039
222,600	0,039
222,700	0,039
222,800	0,039
222,900	0,039
223,000	0,039
223,100	0,039
223,200	0,039
223,300	0,039
223,400	0,039
223,500	0,039
223,600	0,039
223,700	0,039
223,800	0,039
223,900	0,039
224,000	0,039
224,100	0,039
224,200	0,050
224,300	0,039
224,400	0,039
224,500	0,039
224,600	0,039
224,700	0,039
224,800	0,039
224,900	0,039
225,000	0,050
225,100	0,039
225,200	0,039
225,300	0,039
225,400	0,039
225,500	0,039
225,600	0,039
225,700	0,039
225,800	0,050
225,900	0,039
226,000	0,039
226,100	0,039
226,200	0,050
226,300	0,050
226,400	0,039
226,500	0,039
226,600	0,039
226,700	0,039
226,800	0,039
226,900	0,039
227,000	0,039
227,100	0,039
227,200	0,050
227,300	0,039
227,400	0,050
227,500	0,039
227,600	0,039
227,700	0,039
227,800	0,050
227,900	0,039
228,000	0,050
228,100	0,039
228,200	0,039
228,300	0,039
228,400	0,039
228,500	0,039
228,600	0,039
228,700	0,039
228,800	0,039
228,900	0,050
229,000	0,039
229,100	0,039
229,200	0,050
229,300	0,039
229,400	0,039
229,500	0,039
229,600	0,039
229,700	0,039
229,800	0,039
229,900	0,039
230,000	0,039
230,100	0,039
230,200	0,039
230,300	0,039
230,400	0,039
230,500	0,039
230,600	0,039
230,700	0,039
230,800	0,039
230,900	0,039
231,000	0,039
231,100	0,039
231,200	0,039
231,300	0,039
231,400	0,039
231,500	0,039
231,600	0,039
231,700	0,039
231,800	0,050
231,900	0,050
232,000	0,039
232,100	0,050
232,200	0,039
232,300	0,039
232,400	0,039
232,500	0,039
232,600	0,039
232,700	0,039
232,800	0,039
232,900	0,039
233,000	0,039
233,100	0,039
233,200	0,039
233,300	0,050
233,400	0,039
233,500	0,039
233,600	0,039
233,700	0,039
233,800	0,039
233,900	0,050
234,000	0,050
234,100	0,039
234,200	0,039
234,300	0,039
234,400	0,039
234,500	0,039
234,600	0,039
234,700	0,039
234,800	0,039
234,900	0,039
235,000	0,039
235,100	0,039
235,200	0,039
235,300	0,039
235,400	0,039
235,500	0,039
235,600	0,039
235,700	0,039
235,800	0,050
235,900	0,039
236,000	0,039
236,100	0,039
236,200	0,039
236,300	0,039
236,400	0,039
236,500	0,039
236,600	0,039
236,700	0,039
236,800	0,039
236,900	0,039
237,000	0,039
237,100	0,039
237,200	0,039
237,300	0,039
237,400	0,039
237,500	0,039
237,600	0,039
237,700	0,039
237,800	0,039
237,900	0,039
238,000	0,039
238,100	0,050
238,200	0,039
238,300	0,039
238,400	0,039
238,500	0,039
238,600	0,039
238,700	0,039
238,800	0,039
238,900	0,039
239,000	0,039
239,100	0,039
239,200	0,039
239,300	0,039
239,400	0,039
239,500	0,039
239,600	0,050
239,700	0,039
239,800	0,039
239,900	0,039
240,000	0,039
240,100	0,039
240,200	0,039
240,300	0,050
240,400	0,039
240,500	0,039
240,600	0,039
240,700	0,039
240,800	0,039
240,900	0,039
241,000	0,039
241,100	0,039
241,200	0,039
241,300	0,039
241,400	0,039
241,500	0,039
241,600	0,039
241,700	0,039
241,800	0,039
241,900	0,039
242,000	0,039
242,100	0,039
242,200	0,039
242,300	0,039
242,400	0,039
242,500	0,039
242,600	0,039
242,700	0,039
242,800	0,039
242,900	0,039
243,000	0,039
243,100	0,039
243,200	0,039
243,300	0,039
243,400	0,039
243,500	0,039
243,600	0,039
243,700	0,039
243,800	0,039
243,900	0,050
244,000	0,039
244,100	0,039
244,200	0,039
244,300	0,039
244,400	0,039
244,500	0,039
244,600	0,039
244,700	0,039
244,800	0,050
244,900	0,039
245,000	0,039
245,100	0,039
245,200	0,039
245,300	0,039
245,400	0,039
245,500	0,039
245,600	0,039
245,700	0,039
245,800	0,039
245,900	0,039
246,000	0,039
246,100	0,039
246,200	0,039
246,300	0,039
246,400	0,039
246,500	0,039
246,600	0,039
246,700	0,039
246,800	0,039
246,900	0,039
247,000	0,039
247,100	0,050
247,200	0,039
247,300	0,039
247,400	0,050
247,500	0,039
247,600	0,039
247,700	0,039
247,800	0,039
247,900	0,039
248,000	0,039
248,100	0,039
248,200	0,039
248,300	0,039
248,400	0,039
248,500	0,039
248,600	0,039
248,700	0,050
248,800	0,050
248,900	0,039
249,000	0,050
249,100	0,039
249,200	0,039
249,300	0,039
249,400	0,039
249,500	0,050
249,600	0,039
249,700	0,050
249,800	0,039
249,900	0,039
250,000	0,039
250,100	0,039
250,200	0,039
250,300	0,039
250,400	0,039
250,500	0,039
250,600	0,039
250,700	0,039
250,800	0,050
250,900	0,039
251,000	0,039
251,100	0,039
251,200	0,050
251,300	0,039
251,400	0,039
251,500	0,039
251,600	0,039
251,700	0,039
251,800	0,039
251,900	0,039
252,000	0,039
252,100	0,039
252,200	0,039
252,300	0,039
252,400	0,039
252,500	0,039
252,600	0,039
252,700	0,050
252,800	0,039
252,900	0,039
253,000	0,039
253,100	0,039
253,200	0,039
253,300	0,039
253,400	0,039
253,500	0,039
253,600	0,039
253,700	0,039
253,800	0,039
253,900	0,039
254,000	0,039
254,100	0,039
254,200	0,039
254,300	0,050
254,400	0,039
254,500	0,039
254,600	0,039
254,700	0,039
254,800	0,039
254,900	0,039
255,000	0,039
255,100	0,050
255,200	0,050
255,300	0,050
255,400	0,039
255,500	0,039
255,600	0,050
255,700	0,039
255,800	0,039
255,900	0,039
256,000	0,050
256,100	0,039
256,200	0,039
256,300	0,039
256,400	0,039
256,500	0,039
256,600	0,039
256,700	0,039
256,800	0,039
256,900	0,039
257,000	0,039
257,100	0,039
257,200	0,039
257,300	0,050
257,400	0,039
257,500	0,039
257,600	0,039
257,700	0,039
257,800	0,039
257,900	0,039
258,000	0,039
258,100	0,050
258,200	0,050
258,300	0,050
258,400	0,039
258,500	0,039
258,600	0,039
258,700	0,050
258,800	0,039
258,900	0,039
259,000	0,039
259,100	0,050
259,200	0,039
259,300	0,039
259,400	0,039
259,500	0,039
259,600	0,039
259,700	0,039
259,800	0,039
259,900	0,039
260,000	0,039
260,100	0,039
260,200	0,039
260,300	0,039
260,400	0,039
260,500	0,039
260,600	0,039
260,700	0,039
260,800	0,039
260,900	0,039
261,000	0,039
261,100	0,039
261,200	0,050
261,300	0,039
261,400	0,039
261,500	0,039
261,600	0,039
261,700	0,039
261,800	0,039
261,900	0,039
262,000	0,039
262,100	0,050
262,200	0,039
262,300	0,039
262,400	0,039
262,500	0,050
262,600	0,039
262,700	0,039
262,800	0,039
262,900	0,039
263,000	0,039
263,100	0,050
263,200	0,039
263,300	0,039
263,400	0,039
263,500	0,039
263,600	0,039
263,700	0,039
263,800	0,039
263,900	0,050
264,000	0,039
264,100	0,039
264,200	0,039
264,300	0,039
264,400	0,039
264,500	0,039
264,600	0,039
264,700	0,039
264,800	0,039
264,900	0,039
265,000	0,039
265,100	0,039
265,200	0,039
265,300	0,039
265,400	0,039
265,500	0,039
265,600	0,039
265,700	0,039
265,800	0,039
265,900	0,039
266,000	0,039
266,100	0,039
266,200	0,050
266,300	0,039
266,400	0,039
266,500	0,039
266,600	0,039
266,700	0,039
266,800	0,039
266,900	0,039
267,000	0,050
267,100	0,039
267,200	0,039
267,300	0,039
267,400	0,039
267,500	0,039
267,600	0,039
267,700	0,039
267,800	0,050
267,900	0,050
268,000	0,039
268,100	0,039
268,200	0,039
268,300	0,039
268,400	0,039
268,500	0,039
268,600	0,039
268,700	0,039
268,800	0,039
268,900	0,039
269,000	0,039
269,100	0,039
269,200	0,039
269,300	0,039
269,400	0,039
269,500	0,039
269,600	0,050
269,700	0,039
269,800	0,039
269,900	0,039
270,000	0,039
270,100	0,039
270,200	0,050
270,300	0,039
270,400	0,039
270,500	0,039
270,600	0,039
270,700	0,039
270,800	0,039
270,900	0,039
271,000	0,039
271,100	0,039
271,200	0,039
271,300	0,039
271,400	0,039
271,500	0,039
271,600	0,039
271,700	0,039
271,800	0,039
271,900	0,050
272,000	0,039
272,100	0,039
272,200	0,039
272,300	0,039
272,400	0,039
272,500	0,039
272,600	0,039
272,700	0,039
272,800	0,039
272,900	0,039
273,000	0,039
273,100	0,039
273,200	0,039
273,300	0,039
273,400	0,039
273,500	0,039
273,600	0,039
273,700	0,039
273,800	0,039
273,900	0,039
274,000	0,039
274,100	0,039
274,200	0,039
274,300	0,039
274,400	0,039
274,500	0,039
274,600	0,039
274,700	0,039
274,800	0,039
274,900	0,039
275,000	0,039
275,100	0,039
275,200	0,039
275,300	0,039
275,400	0,039
275,500	0,039
275,600	0,039
275,700	0,039
275,800	0,039
275,900	0,039
276,000	0,039
276,100	0,039
276,200	0,039
276,300	0,039
276,400	0,039
276,500	0,039
276,600	0,039
276,700	0,039
276,800	0,039
276,900	0,039
277,000	0,039
277,100	0,039
277,200	0,039
277,300	0,039
277,400	0,039
277,500	0,039
277,600	0,039
277,700	0,039
277,800	0,039
277,900	0,039
278,000	0,039
278,100	0,039
278,200	0,039
278,300	0,039
278,400	0,029
278,500	0,009
278,600	-0,063
278,700	-0,165
278,800	-0,257
278,900	-0,338
279,000	-0,399
279,100	-0,461
279,200	-0,512
279,300	-0,573
279,400	-0,644
279,500	-0,695
279,600	-0,706
279,700	-0,665
279,800	-0,593
279,900	-0,471
280,000	-0,348
280,100	-0,236
280,200	-0,144
280,300	-0,083
280,400	-0,032
280,500	-0,001
280,600	0,009
280,700	0,019
280,800	0,019
280,900	0,029
281,000	0,029
281,100	0,029
281,200	0,039
281,300	0,039
281,400	0,039
281,500	0,039
281,600	0,039
281,700	0,039
281,800	0,039
281,900	0,039
282,000	0,039
282,100	0,039
282,200	0,039
282,300	0,039
282,400	0,039
282,500	0,039
282,600	0,039
282,700	0,039
282,800	0,039
282,900	0,039
283,000	0,039
283,100	0,039
283,200	0,039
283,300	0,039
283,400	0,039
283,500	0,039
283,600	0,039
283,700	0,039
283,800	0,039
283,900	0,039
284,000	0,039
284,100	0,039
284,200	0,039
284,300	0,039
284,400	0,039
284,500	0,039
284,600	0,039
284,700	0,039
284,800	0,039
284,900	0,039
285,000	0,039
285,100	0,039
285,200	0,039
285,300	0,039
285,400	0,039
285,500	0,039
285,600	0,039
285,700	0,039
285,800	0,039
285,900	0,039
286,000	0,039
286,100	0,039
286,200	0,039
286,300	0,039
286,400	0,039
286,500	0,039
286,600	0,039
286,700	0,039
286,800	0,039
286,900	0,039
287,000	0,039
287,100	0,039
287,200	0,039
287,300	0,039
287,400	0,039
287,500	0,039
287,600	0,039
287,700	0,039
287,800	0,039
287,900	0,039
288,000	0,039
288,100	0,039
288,200	0,039
288,300	0,039
288,400	0,039
288,500	0,039
288,600	0,039
288,700	0,039
288,800	0,039
288,900	0,039
289,000	0,039
289,100	0,039
289,200	0,039
289,300	0,039
289,400	0,039
289,500	0,039
289,600	0,039
289,700	0,039
289,800	0,039
289,900	0,039
290,000	0,039
290,100	0,039
290,200	0,039
290,300	0,039
290,400	0,039
290,500	0,039
290,600	0,039
290,700	0,039
290,800	0,039
290,900	0,039
291,000	0,039
291,100	0,039
291,200	0,039
291,300	0,039
291,400	0,039
291,500	0,039
291,600	0,039
291,700	0,039
291,800	0,039
291,900	0,039
292,000	0,029
292,100	0,039
292,200	0,039
292,300	0,039
292,400	0,039
292,500	0,039
292,600	0,039
292,700	0,039
292,800	0,039
292,900	0,039
293,000	0,039
293,100	0,039
293,200	0,039
293,300	0,039
293,400	0,039
293,500	0,039
293,600	0,039
293,700	0,039
293,800	0,039
293,900	0,039
294,000	0,039
294,100	0,039
294,200	0,039
294,300	0,039
294,400	0,039
294,500	0,039
294,600	0,039
294,700	0,039
294,800	0,039
294,900	0,039
295,000	0,039
295,100	0,039
295,200	0,039
295,300	0,039
295,400	0,039
295,500	0,039
295,600	0,039
295,700	0,039
295,800	0,039
295,900	0,039
296,000	0,039
296,100	0,039
296,200	0,039
296,300	0,039
296,400	0,039
296,500	0,050
296,600	0,039
296,700	0,039
296,800	0,039
296,900	0,039
297,000	0,039
297,100	0,039
297,200	0,039
297,300	0,039
297,400	0,039
297,500	0,039
297,600	0,039
297,700	0,039
297,800	0,039
297,900	0,039
298,000	0,039
298,100	0,039
298,200	0,039
298,300	0,039
298,400	0,039
298,500	0,039
298,600	0,039
298,700	0,039
298,800	0,039
298,900	0,039
299,000	0,039
299,100	0,039
299,200	0,039
299,300	0,039
299,400	0,039
299,500	0,039
299,600	0,039
299,700	0,039
299,800	0,039
299,900	0,039
300,000	0,039
300,100	0,039
300,200	0,039
300,300	0,039
300,400	0,039
300,500	0,039
300,600	0,039
300,700	0,039
300,800	0,039
300,900	0,039
301,000	0,039
301,100	0,039
301,200	0,039
301,300	0,039
301,400	0,039
301,500	0,039
301,600	0,039
301,700	0,039
301,800	0,039
301,900	0,039
302,000	0,039
302,100	0,039
302,200	0,039
302,300	0,039
302,400	0,039
302,500	0,039
302,600	0,039
302,700	0,039
302,800	0,039
302,900	0,039
303,000	0,039
303,100	0,039
303,200	0,039
303,300	0,039
303,400	0,039
303,500	0,039
303,600	0,039
303,700	0,039
303,800	0,039
303,900	0,039
304,000	0,039
304,100	0,039
304,200	0,039
304,300	0,039
304,400	0,039
304,500	0,039
304,600	0,039
304,700	0,039
304,800	0,039
304,900	0,039
305,000	0,039
305,100	0,039
305,200	0,039
305,300	0,039
305,400	0,039
305,500	0,039
305,600	0,039
305,700	0,039
305,800	0,039
305,900	0,039
306,000	0,039
306,100	0,039
306,200	0,039
306,300	0,039
306,400	0,039
306,500	0,039
306,600	0,039
306,700	0,039
306,800	0,039
306,900	0,029
307,000	0,019
307,100	0,019
307,200	0,029
307,300	0,019
307,400	0,019
307,500	0,019
307,600	0,019
307,700	0,019
307,800	0,019
307,900	0,019
308,000	0,019
308,100	0,019
308,200	0,029
308,300	0,029
308,400	0,029
308,500	0,029
308,600	0,039
308,700	0,039
308,800	0,039
308,900	0,039
309,000	0,039
309,100	0,039
309,200	0,039
309,300	0,039
309,400	0,039
309,500	0,039
309,600	0,039
309,700	0,029
309,800	0,019
309,900	-0,012
310,000	-0,063
310,100	-0,093
310,200	-0,124
310,300	-0,144
310,400	-0,165
310,500	-0,185
310,600	-0,206
310,700	-0,236
310,800	-0,257
310,900	-0,267
311,000	-0,267
311,100	-0,257
311,200	-0,216
311,300	-0,165
311,400	-0,114
311,500	-0,073
311,600	-0,032
311,700	-0,001
311,800	0,009
311,900	0,019
312,000	0,029
312,100	0,029
312,200	0,029
312,300	0,039
312,400	0,039
312,500	0,039
312,600	0,039
312,700	0,039
312,800	0,039
312,900	0,039
313,000	0,039
313,100	0,039
313,200	0,039
313,300	0,039
313,400	0,039
313,500	0,039
313,600	0,039
313,700	0,039
313,800	0,039
313,900	0,039
314,000	0,039
314,100	0,039
314,200	0,039
314,300	0,039
314,400	0,039
314,500	0,039
314,600	0,039
314,700	0,039
314,800	0,039
314,900	0,039
315,000	0,039
315,100	0,039
315,200	0,039
315,300	0,039
315,400	0,039
315,500	0,039
315,600	0,039
315,700	0,039
315,800	0,039
315,900	0,039
316,000	0,039
316,100	0,039
316,200	0,039
316,300	0,039
316,400	0,039
316,500	0,039
316,600	0,039
316,700	0,039
316,800	0,039
316,900	0,039
317,000	0,039
317,100	0,039
317,200	0,039
317,300	0,039
317,400	0,039
317,500	0,039
317,600	0,039
317,700	0,039
317,800	0,039
317,900	0,039
318,000	0,039
318,100	0,039
318,200	0,039
318,300	0,039
318,400	0,039
318,500	0,039
318,600	0,039
318,700	0,039
318,800	0,039
318,900	0,039
319,000	0,039
319,100	0,039
319,200	0,039
319,300	0,039
319,400	0,039
319,500	0,039
319,600	0,039
319,700	0,039
319,800	0,039
319,900	0,039
320,000	0,039
320,100	0,039
320,200	0,039
320,300	0,039
320,400	0,039
320,500	0,039
320,600	0,039
320,700	0,039
320,800	0,039
320,900	0,039
321,000	0,039
321,100	0,039
321,200	0,039
321,300	0,039
321,400	0,039
321,500	0,039
321,600	0,039
321,700	0,039
321,800	0,039
321,900	0,039
322,000	0,039
322,100	0,039
322,200	0,039
322,300	0,039
322,400	0,039
322,500	0,039
322,600	0,039
322,700	0,039
322,800	0,039
322,900	0,039
323,000	0,039
323,100	0,039
323,200	0,039
323,300	0,039
323,400	0,039
323,500	0,039
323,600	0,039
323,700	0,039
323,800	0,039
323,900	0,039
324,000	0,039
324,100	0,039
324,200	0,039
324,300	0,039
324,400	0,039
324,500	0,039
324,600	0,039
324,700	0,039
324,800	0,039
324,900	0,039
325,000	0,039
325,100	0,039
325,200	0,039
325,300	0,039
325,400	0,039
325,500	0,039
325,600	0,039
325,700	0,039
325,800	0,039
325,900	0,039
326,000	0,039
326,100	0,039
326,200	0,039
326,300	0,039
326,400	0,039
326,500	0,039
326,600	0,039
326,700	0,039
326,800	0,039
326,900	0,039
327,000	0,039
327,100	0,039
327,200	0,039
327,300	0,039
327,400	0,039
327,500	0,039
327,600	0,039
327,700	0,039
327,800	0,039
327,900	0,039
328,000	0,039
328,100	0,039
328,200	0,039
328,300	0,039
328,400	0,039
328,500	0,039
328,600	0,039
328,700	0,039
328,800	0,039
328,900	0,039
329,000	0,039
329,100	0,039
329,200	0,039
329,300	0,039
329,400	0,039
329,500	0,039
329,600	0,039
329,700	0,039
329,800	0,039
329,900	0,039
330,000	0,039
330,100	0,039
330,200	0,039
330,300	0,039
330,400	0,039
330,500	0,039
330,600	0,039
330,700	0,039
330,800	0,039
330,900	0,039
331,000	0,039
331,100	0,039
331,200	0,039
331,300	0,039
331,400	0,039
331,500	0,039
331,600	0,039
331,700	0,039
331,800	0,039
331,900	0,039
332,000	0,039
332,100	0,039
332,200	0,039
332,300	0,039
332,400	0,039
332,500	0,039
332,600	0,039
332,700	0,039
332,800	0,039
332,900	0,039
333,000	0,039
333,100	0,039
333,200	0,039
333,300	0,039
333,400	0,039
333,500	0,039
333,600	0,039
333,700	0,039
333,800	0,039
333,900	0,039
334,000	0,039
334,100	0,039
334,200	0,039
334,300	0,039
334,400	0,039
334,500	0,039
334,600	0,039
334,700	0,039
334,800	0,039
334,900	0,039
335,000	0,039
335,100	0,039
335,200	0,039
335,300	0,039
335,400	0,039
335,500	0,039
335,600	0,039
335,700	0,039
335,800	0,039
335,900	0,039
336,000	0,039
336,100	0,039
336,200	0,039
336,300	0,039
336,400	0,039
336,500	0,039
336,600	0,039
336,700	0,039
336,800	0,039
336,900	0,039
337,000	0,039
337,100	0,039
337,200	0,039
337,300	0,039
337,400	0,039
337,500	0,039
337,600	0,039
337,700	0,039
337,800	0,039
337,900	0,039
338,000	0,039
338,100	0,039
338,200	0,039
338,300	0,039
338,400	0,039
338,500	0,039
338,600	0,039
338,700	0,039
338,800	0,039
338,900	0,039
339,000	0,039
339,100	0,039
339,200	0,039
339,300	0,039
339,400	0,039
339,500	0,039
339,600	0,039
339,700	0,039
339,800	0,039
339,900	0,039
340,000	0,039
340,100	0,039
340,200	0,039
340,300	0,039
340,400	0,039
340,500	0,039
340,600	0,039
340,700	0,039
340,800	0,039
340,900	0,039
341,000	0,039
341,100	0,039
341,200	0,039
341,300	0,039
341,400	0,039
341,500	0,039
341,600	0,039
341,700	0,039
341,800	0,039
341,900	0,039
342,000	0,039
342,100	0,039
342,200	0,039
342,300	0,039
342,400	0,039
342,500	0,039
342,600	0,039
342,700	0,039
342,800	0,039
342,900	0,039
343,000	0,039
343,100	0,039
343,200	0,039
343,300	0,039
343,400	0,039
343,500	0,039
343,600	0,039
343,700	0,039
343,800	0,039
343,900	0,039
344,000	0,039
344,100	0,039
344,200	0,039
344,300	0,039
344,400	0,039
344,500	0,039
344,600	0,039
344,700	0,039
344,800	0,039
344,900	0,039
345,000	0,039
345,100	0,039
345,200	0,039
345,300	0,039
345,400	0,039
345,500	0,039
345,600	0,039
345,700	0,039
345,800	0,039
345,900	0,039
346,000	0,039
346,100	0,039
346,200	0,039
346,300	0,039
346,400	0,039
346,500	0,039
346,600	0,039
346,700	0,039
346,800	0,039
346,900	0,039
347,000	0,039
347,100	0,039
347,200	0,039
347,300	0,039
347,400	0,039
347,500	0,039
347,600	0,039
347,700	0,039
347,800	0,039
347,900	0,039
348,000	0,039
348,100	0,039
348,200	0,029
348,300	0,029
348,400	0,029
348,500	0,019
348,600	0,019
348,700	0,019
348,800	0,019
348,900	0,009
349,000	0,009
349,100	-0,001
349,200	-0,012
349,300	-0,022
349,400	-0,022
349,500	-0,042
349,600	-0,063
349,700	-0,083
349,800	-0,104
349,900	-0,124
350,000	-0,134
350,100	-0,144
350,200	-0,155
350,300	-0,175
350,400	-0,185
350,500	-0,185
350,600	-0,185
350,700	-0,185
350,800	-0,155
350,900	-0,124
351,000	-0,093
351,100	-0,053
351,200	-0,022
351,300	-0,001
351,400	0,009
351,500	0,019
351,600	0,029
351,700	0,029
351,800	0,039
351,900	0,039
352,000	0,039
352,100	0,039
352,200	0,039
352,300	0,039
352,400	0,039
352,500	0,039
352,600	0,039
352,700	0,039
352,800	0,039
352,900	0,039
353,000	0,039
353,100	0,039
353,200	0,039
353,300	0,039
353,400	0,039
353,500	0,039
353,600	0,039
353,700	0,039
353,800	0,039
353,900	0,039
354,000	0,039
354,100	0,039
354,200	0,039
354,300	0,039
354,400	0,039
354,500	0,039
354,600	0,039
354,700	0,039
354,800	0,039
354,900	0,039
355,000	0,039
355,100	0,039
355,200	0,039
355,300	0,039
355,400	0,039
355,500	0,039
355,600	0,039
355,700	0,039
355,800	0,039
355,900	0,039
356,000	0,039
356,100	0,039
356,200	0,039
356,300	0,039
356,400	0,039
356,500	0,039
356,600	0,039
356,700	0,039
356,800	0,039
356,900	0,039
357,000	0,039
357,100	0,039
357,200	0,039
357,300	0,039
357,400	0,039
357,500	0,039
357,600	0,039
357,700	0,039
357,800	0,039
357,900	0,039
358,000	0,039
358,100	0,050
358,200	0,039
358,300	0,039
358,400	0,039
358,500	0,039
358,600	0,039
358,700	0,039
358,800	0,039
358,900	0,039
359,000	0,039
359,100	0,039
359,200	0,039
359,300	0,039
359,400	0,039
359,500	0,039
359,600	0,039
359,700	0,039
359,800	0,039
359,900	0,039
360,000	0,039
360,100	0,039
360,200	0,039
360,300	0,039
360,400	0,039
360,500	0,039
360,600	0,039
360,700	0,039
360,800	0,039
360,900	0,039
361,000	0,039
361,100	0,039
361,200	0,039
361,300	0,039
361,400	0,039
361,500	0,039
361,600	0,039
361,700	0,039
361,800	0,039
361,900	0,039
362,000	0,039
362,100	0,039
362,200	0,039
362,300	0,039
362,400	0,039
362,500	0,039
362,600	0,039
362,700	0,039
362,800	0,050
362,900	0,039
363,000	0,039
363,100	0,039
363,200	0,039
363,300	0,039
363,400	0,050
363,500	0,050
363,600	0,050
363,700	0,039
363,800	0,039
363,900	0,039
364,000	0,039
364,100	0,039
364,200	0,039
364,300	0,039
364,400	0,039
364,500	0,050
364,600	0,039
364,700	0,039
364,800	0,039
364,900	0,039
365,000	0,039
365,100	0,039
365,200	0,039
365,300	0,039
365,400	0,039
365,500	0,039
365,600	0,039
365,700	0,039
365,800	0,039
365,900	0,039
366,000	0,039
366,100	0,039
366,200	0,039
366,300	0,039
366,400	0,039
366,500	0,039
366,600	0,050
366,700	0,050
366,800	0,050
366,900	0,039
367,000	0,039
367,100	0,039
367,200	0,039
367,300	0,039
367,400	0,039
367,500	0,050
367,600	0,050
367,700	0,039
367,800	0,039
367,900	0,039
368,000	0,039
368,100	0,050
368,200	0,039
368,300	0,039
368,400	0,039
368,500	0,050
368,600	0,039
368,700	0,039
368,800	0,039
368,900	0,039
369,000	0,039
369,100	0,039
369,200	0,039
369,300	0,039
369,400	0,050
369,500	0,039
369,600	0,039
369,700	0,039
369,800	0,039
369,900	0,039
